"price" "bedrooms" "bathrooms" "sqft_living" "sqft_lot" "floors" "waterfront" "view" "condition" "grade" "sqft_above" "sqft_basement" "yr_built" "yr_renovated" "zipcode" "sqft_living15" "sqft_lot15" "log10price"
"1" 689999.934942117 3 1.75 1599.68620641114 4399.74875769638 1 0 0 3 7 1031.02209702231 569.5598930946 1941 0 98112 2150.32329155232 4002.38684991204 5.83884904978902
"2" 941499.346067223 5 3.5 3489.08194067046 9679.20626729956 2 0 4 3 9 2457.88467097594 1029.71296393082 1980 0 98177 3079.05942727262 13488.6147206255 5.97382002270691
"3" 583498.750781611 4 1.75 2860.84115396853 48347.9739832464 1 0 0 3 8 1710.29935395473 1150.76195476444 1978 0 98077 2460.78303544666 43558.8504174747 5.76603993059693
"4" 534949.763467642 5 1.5 2240.36451991851 6337.59553743524 1 0 0 3 8 1280.91109612815 961.542914179824 1956 0 98125 1869.46227277137 6377.96939045343 5.72831299982836
"5" 288000.091457405 3 1.75 1660.06757521436 10440.5448020334 1 0 0 3 7 1038.87604242144 620.175811099866 1978 0 98045 1238.73055294096 10377.3874826019 5.45939262567395
"6" 552499.524384837 5 3 2319.6438786796 7230.18668658494 1 0 0 4 8 1369.88651033638 950.475079206899 1986 0 98052 2090.05138825701 7553.41731460214 5.74233190849809
"7" 445001.860684796 3 1.75 1409.94216052948 5098.76847004388 1 0 0 4 7 1109.26663788584 300.03757410612 1954 0 98125 1600.73286954585 7799.39819582103 5.6483618268988
"8" 472500.023169701 3 2 1789.89656325121 6798.22468922293 1 0 0 4 7 1238.38694370927 550.824245767521 1964 0 98133 1470.06113515879 6800.11045109995 5.67440183414152
"9" 600999.202481067 4 2.5 2090.6987823497 6905.83651711795 2 0 0 4 8 2091.96724820725 0 1992 0 98029 2088.8322384479 6371.21046936737 5.77887389569941
"10" 310000.517083195 3 1 989.602242023457 7049.73501047221 1 0 0 3 7 990.417866879624 0 1967 0 98034 1198.45813743521 8124.39838035284 5.49136241824134
"11" 394999.632119937 3 1.75 1741.55313752123 6219.23898381558 1 0 0 4 6 1739.52549767269 0 1954 0 98177 1629.74061235153 8419.74138083583 5.59659669114961
"12" 438000.90841103 4 2.5 1969.07760186529 8544.80068621223 2 0 0 3 8 1969.99368482514 1.55667759836643 2004 0 98059 2589.86273559387 7200.28781852292 5.64147501122896
"13" 324997.710081891 2 1 1070.19370323444 5078.77368118105 1 0 0 5 6 1070.6140187978 1.12538755682899 1942 0 98106 900.403036782311 5079.4758954992 5.51188030097179
"14" 550001.32006821 4 2.75 2230.61712390871 9458.83549013755 1 0 0 5 7 1478.59340962573 751.032783194998 1960 0 98027 1761.62116541404 10877.6430887949 5.74036373185361
"15" 1764998.40323306 4 3.25 3980.17106934271 10248.2162991531 2 0 0 3 10 3979.63475209223 0 2011 0 98004 2449.71283130015 10912.7757435483 6.24674431682447
"16" 489998.730911479 4 2.5 3629.15135635058 8386.73529196081 2 0 0 3 10 3631.03605114545 0 1997 0 98042 3372.39232835524 8868.16648672689 5.69019495521452
"17" 600000.246594586 3 2.25 2097.83062156327 8274.57150200274 2 0 1 4 8 2099.88079246372 0 1979 0 98008 2420.82201992771 18134.7149690255 5.77815142887472
"18" 1160999.75284109 4 2.5 2960.7533791309 26741.0370775147 1 0 3 3 8 1479.81329552274 1479.75568067804 1949 1996 98115 2500.38611480415 9459.42549708129 6.064832127284
"19" 262001.796122024 3 2.5 1971.40183159503 8727.00248660937 2 0 0 3 7 1970.95996053245 0 1995 0 98092 1670.21520971545 9166.51979076812 5.41830426858391
"20" 436498.986720682 5 3 3111.18343852746 12429.929745738 1 0 0 3 8 1790.33318122042 1322.69218569794 1977 0 98011 3049.55196497056 11901.9864394577 5.63998323988093
"21" 765000.578386207 4 2.25 2560.2118537533 12100.1377325229 1 0 0 4 8 1759.15547493646 800.192305019539 1976 0 98052 2240.27898913116 12099.2877577799 5.88366176350635
"22" 175004.272003378 3 1.5 1389.64655716901 1881.99375241554 2 0 0 3 7 1390.07986613776 0.447231815823721 2014 0 98108 1488.64945174145 2173.92966415948 5.243048650314
"23" 515000.702290552 3 2.25 1302.57121884435 1180.05120566398 3 0 0 3 8 1299.59515943869 1.26535257060216 2008 0 98103 1300.09728642054 1173.29403116459 5.71180782127557
"24" 1049999.26839194 3 4 4380.10653203884 42769.429779654 2 0 0 5 11 4379.93022877341 0 1983 0 98052 3630.44002555542 35427.609609839 6.02118899646665
"25" 499951.534672817 3 1.5 1350.40100276976 9314.79438040741 1 0 0 3 7 1350.86063740982 0 1968 0 98052 1841.3403341836 9919.26326101873 5.69892790584735
"26" 849999.509966602 3 3 1910.75952049335 4799.16803646277 1.5 0 0 3 9 1911.08518364841 1.05572655518613 1900 1991 98103 1278.69231818092 1310.9768877406 5.92941867533916
"27" 352500.566014136 3 1.75 1862.40303700465 7880.20253920777 1 0 0 3 7 1159.26041613579 699.257980037826 1986 0 98198 1489.10008452046 7525.46834446382 5.54715981867953
"28" 332999.271120396 3 1 949.671663520411 5214.3020326496 1 0 0 3 7 829.732161881373 119.469404865892 1944 0 98126 1489.66282081342 7634.52199588747 5.52244328290951
"29" 713002.532113829 1 1 1179.66924329588 4000.00948103201 1.5 0 2 4 8 841.998183314376 341.257406140252 1910 0 98118 1418.26814963139 3997.83824373712 5.85309107218161
"30" 324998.975579365 3 2.5 2002.99738127436 7204.3707876619 2 0 0 3 8 2002.15721013959 0 1998 0 98003 2180.49837697563 7611.29498653856 5.51188199205294
"31" 529998.788312647 3 1.75 1549.1803258253 3680.30030177682 1 0 0 3 7 1050.90514455372 501.397062501713 1927 0 98117 1561.03919102269 4001.61004895716 5.7242748767145
"32" 600000.684307083 3 2.25 1479.99224587371 5401.21667890728 2 0 0 4 8 1478.24891966047 0.351183794234941 1914 0 98122 1281.14036538105 3600.69338440574 5.77815174570134
"33" 375001.729232203 3 1 1211.65413083183 7424.41541903596 1 0 0 4 6 1209.68835030002 0 1910 0 98133 1262.1556163639 7424.90982789967 5.57403327037911
"34" 347500.939249668 5 3 2230.38508841981 6552.94179974353 1 0 0 3 7 1330.71353568798 898.143610826001 2014 0 98168 2229.78575476477 9474.12881778934 5.540955982769
"35" 374998.716513665 4 2 2069.24927869015 9822.61773306779 1 0 0 5 7 2069.05303470618 0.230621795689825 1955 0 98006 1300.30798925839 9572.39004908397 5.57402978129575
"36" 749994.76157221 4 3.25 3430.11399056332 9869.23555575553 2 0 0 3 9 3428.01388296799 0 2014 0 98011 3360.9980676696 9724.32785606243 5.87505823002073
"37" 789998.876840068 4 2.75 2640.09946825649 8999.69011909452 2 0 0 3 10 2639.04625183425 0 1990 0 98052 2980.97902376796 9136.08125958241 5.89762647384423
"38" 290254.296866102 3 2.25 1719.41161802188 7886.15060679197 2 0 0 3 8 1719.27179488872 0.839599282457934 1983 0 98023 2338.39101972881 7885.08287463361 5.46277865766617
"39" 320000.1058255 2 1 849.303106215485 8399.74430313313 1 0 0 4 6 850.332692858184 0.16045300246229 1941 0 98166 1281.02486667449 8401.67420876174 5.5051501219431
"40" 698998.767114737 3 2 1820.84415055367 4078.45380650623 2 0 2 3 8 1817.72173991366 0 1937 1987 98107 2162.13790529198 5399.20503741877 5.84447640974319
"41" 579999.513482782 3 2.5 1739.1437914392 1235.83547737303 3 0 2 3 8 1740.85682318449 0 2008 0 98116 1738.00735478592 1279.08437383711 5.76342762926668
"42" 644998.939048888 3 2.75 1849.53816022178 16960.3854225673 1 0 2 4 8 1849.72960362618 1.33151025314137 1953 0 98177 2470.59752584973 13761.4731070646 5.80955900027001
"43" 706000.844908218 4 2.5 2510.12800457391 5435.69658948356 2 0 0 3 8 2510.57867275273 0 2011 0 98053 2519.60411756963 5436.83478773301 5.84880522079509
"44" 805000.424766549 3 3 3910.08283506225 19024.2786287522 2 0 0 3 11 3909.22813609619 0 1985 0 98014 1860.15048393973 15002.7562301375 5.90579610952777
"45" 1499999.30843379 4 3.25 3471.77428769241 5221.47527319472 2 0 0 3 10 2829.12281986031 640.50300539239 2005 0 98033 3089.91769923254 6757.79503389396 6.17609105882671
"46" 700000.413500091 8 2.5 2279.8140331783 2999.48071603592 1.5 0 0 3 7 1208.53174188919 1069.99286552774 1911 0 98105 1609.87023295227 3000.4758146407 5.84509829655819
"47" 329999.410054227 3 2.5 3040.2267091205 7231.25209383351 2 0 0 3 7 3040.06135244772 0.376741392405806 2003 0 98092 2761.71330518135 6926.85061780945 5.51851316348267
"48" 339902.19885969 4 1.5 1569.55710957256 9210.740586653 1 0 2 3 7 1400.55492152111 170.747493721829 1965 0 98030 2327.00970983579 9208.71665076178 5.5313539740845
"49" 859999.851237014 4 2.5 3070.13857415332 6922.73055292654 2 0 0 3 9 3071.05990255235 0.790458952702941 2009 0 98033 2188.08340754825 9218.25030902392 5.93449837611921
"50" 1437500.4856935 4 3.75 4411.14029147084 9230.34210042269 3 0 3 3 11 4411.27852099745 0 2001 0 98118 2159.41555407321 6599.75701041782 6.15760800009834
"51" 480000.06600602 5 2.25 2240.8794344772 5500.13961204553 1 0 0 3 7 1490.14198794002 749.095231693539 1959 0 98136 2009.07428899853 6050.89379127253 5.68124129709652
"52" 598991.435166001 5 3.5 3441.06923340807 6036.5211591176 2 0 0 3 9 3441.09486045098 1.61935404441514 2014 0 98045 3270.69411300688 6037.05693495405 5.7774206125617
"53" 490001.434147423 4 2.5 2999.8138719347 8644.42704140413 2 0 0 3 8 3000.15130687594 0.00352580892831969 1985 0 98034 1930.75575999704 8866.69035358128 5.69019735113341
"54" 269000.824918471 3 2.5 1561.56644734766 4200.17693075624 2 0 0 3 7 1559.11984189687 0 2003 0 98038 1559.68963073331 4200.91576992906 5.42975361181278
"55" 408505.3429918 3 2.75 2478.91921223214 209198.165343987 1.5 0 0 3 8 1870.32711685408 611.107603895706 2000 0 98010 2040.04624117007 219228.647232736 5.61119774120303
"56" 839999.37576061 4 3.5 2839.29360081487 40138.076868517 1 0 4 4 10 2840.41110958915 0.649038866780579 1986 0 98038 3180.01083851629 36851.6006051506 5.92427896331924
"57" 909999.085909862 3 2.5 2719.79762278172 7249.49572098816 2 0 0 3 9 2718.88595569628 0.141268634831924 1990 0 98033 2869.22171355963 7250.55052201805 5.95904095607439
"58" 2271149.41630889 4 3.25 4040.96130788061 18915.5186740922 1 0 0 4 9 4039.58153603392 0 1954 0 98039 3000.87070108587 18830.8324058232 6.35624570689427
"59" 6884999.96223249 6 7.75 9890.7645204451 31375.0922483891 2 0 4 3 13 8859.74785785155 1029.03421587053 2001 0 98039 4539.438581272 42729.7046017923 6.83790394221063
"60" 423999.990927076 3 1.75 1140.18839483963 3395.75125796895 1 0 0 5 7 620.346214560259 519.738323336367 1925 0 98107 1481.36068601641 3500.14922134979 5.62736584729952
"61" 462001.191873702 4 2.5 2640.52376492577 47481.0613439701 1 0 0 4 8 1589.48706884654 1049.43060369182 1979 0 98038 2389.48041714817 67414.2686953273 5.66464309595332
"62" 245000.49408432 3 2 1191.12804105076 4073.99290413953 1.5 0 0 5 6 1190.07952489498 0 1907 0 98118 1680.16424610646 5850.02730622513 5.3891669601926
"63" 330999.12848752 2 1 1479.14632347091 6209.07524597246 1 0 0 3 7 1080.44393930274 402.116159433032 1950 0 98133 1290.3763425372 7509.80420575613 5.51982685029065
"64" 225000.083609118 3 2.5 1589.9670623636 8447.99658162909 2 0 0 3 7 1587.53303592925 0 1989 0 98030 1750.16783477955 7172.15542046683 5.35218267949346
"65" 204999.793675157 4 1.5 1421.02219789878 8062.23565821636 1 0 0 3 7 940.985030416815 480.304684502363 1962 0 98198 1330.43983010297 7514.04354197107 5.31175342395436
"66" 378510.689898904 2 1 769.602685843727 5185.71808553386 1 0 0 3 7 771.041441952169 0 1947 0 98126 1259.86289278838 6549.01438928574 5.57807814935405
"67" 449948.660322692 4 2.25 3491.01466298001 8400.24171775386 1.5 0 0 4 8 3489.87629629808 0 1976 0 98058 2319.82772318047 8723.16813976174 5.65316296308526
"68" 440001.15390029 3 1.5 1270.89087000576 1412.55421361034 3 0 0 3 8 1269.65356687018 0.385373355714713 2007 0 98115 1270.51090357602 1412.33126106218 5.64345381542226
"69" 592501.522923155 3 2 1170.75625466486 6750.22026586318 1 0 0 5 7 801.346008272389 370.858634224977 1947 0 98115 1329.60055237317 6748.53961114478 5.77268947096277
"70" 180001.744016382 3 1 1383.78736919379 8960.71371897885 1 0 0 4 6 1385.27012931602 0 1965 0 98023 998.818120285803 8470.54465959867 5.25527671295343
"71" 449948.334994826 3 2 1879.84762181148 3049.7468836256 2 0 0 4 7 1880.83858992251 0.526382757947436 1902 0 98122 1679.78796382099 3599.98305763896 5.65316264907577
"72" 95000.6093081009 2 1 1068.5490828376 20449.7635735046 1 0 0 2 6 1070.38885858848 0 1948 0 98058 1359.61519751374 15581.7856337079 4.97772639074461
"73" 890002.323030887 4 2.25 2770.02389588359 13500.792006939 2 0 0 3 8 2768.14390529773 0.643780664505066 1974 0 98040 2300.45715868934 13500.1696593122 5.9493911402159
"74" 355000.348081617 4 2.5 2148.47648960746 3601.08059747772 2 0 0 3 7 2150.40814239566 0 2010 0 98038 2218.29547366654 3914.97614654794 5.55022877888566
"75" 640000.833951185 4 2 2308.93659191496 31849.6894511088 1.5 0 0 4 8 2308.1725753859 0 1984 0 98072 2709.05709611956 36041.3752580803 5.80618053989039
"76" 109999.337392394 3 1 1250.65162468059 53140.7327236439 1 0 0 5 6 1249.4459229068 1.34224605327768 1945 0 98038 1819.30492122506 217798.528879535 5.04139006908828
"77" 475499.705416194 3 1 1500.37866367273 9413.79115176986 1 0 0 4 8 1499.78198171015 0.652887111063494 1952 0 98133 1440.28120320887 7199.8522154611 5.67715025221736
"78" 604999.413686931 4 2 1821.36982482733 7627.43822874457 1 0 0 5 7 991.809093482489 829.59963554488 1941 0 98103 1390.48621749082 5903.91369733921 5.78175495377205
"79" 798999.155973312 4 2.5 3171.23312440223 94856.7734744085 1 0 0 4 9 1911.30425327905 1260.4326775739 1978 0 98072 2588.87468527032 65338.6956599021 5.90254632054512
"80" 316002.653206049 3 2.5 1490.46178246157 4076.87988384198 2 0 0 3 8 1490.13689201617 0 1998 0 98059 1308.27900309455 2768.09767224736 5.49969072903584
"81" 264998.877650956 3 2 1568.4573893547 5707.63389758272 1 0 0 3 7 1570.92204782527 0 1998 0 98092 1568.62701221751 5705.20041469133 5.42324403457443
"82" 668999.650022933 2 1.75 1951.15635040615 10765.6574095299 1 0 3 4 6 1159.87629903087 790.347906131229 1952 0 98166 1779.12504588116 11721.9472563103 5.82542589057328
"83" 199999.814564903 2 0.75 780.345294363535 55765.7800174812 1 0 0 4 4 779.636122313084 0 1945 0 98058 1620.08882420308 30845.9598766842 5.3010295929966
"84" 345000.337122836 3 1 1620.25504297774 10610.8859444686 1 0 0 4 6 1621.13033678692 0.52213149585248 1958 0 98059 1678.30100268728 10794.9282448194 5.53781951945158
"85" 351999.042945178 3 0.75 1238.65930006586 7199.9992975861 1 0 0 3 7 1239.42142112296 0.325976622952205 1947 0 98133 1210.46501217257 7199.2182618847 5.54654148267076
"86" 524998.617512572 3 2.25 1961.89246590925 12349.3529086041 1 0 0 4 7 1958.74829378376 0 1961 0 98027 1921.6005126042 13607.7648491207 5.72015815977272
"87" 270000.638144724 3 1 1241.34459982897 14109.6198686786 1 0 0 4 7 1240.23412219413 1.03970391823838 1972 0 98058 2059.66736275537 19351.4184289358 5.43136479061234
"88" 429997.907317676 4 1 1348.81696128459 9000.43241142572 1.5 0 0 4 7 1348.92277532329 0 1964 0 98103 1939.98222444675 7998.92231155941 5.63346634199215
"89" 265997.957922067 3 1.5 1120.27770735839 8250.03943697888 1 0 0 4 7 1119.06426571288 0.219435206762293 1957 0 98056 1321.01199313431 8400.90456302798 5.42487830254617
"90" 199998.309209792 4 2.75 1910.95843911469 7209.92808863033 1 0 0 4 7 1430.63444470582 479.626248512838 1980 0 98030 1749.62692451195 7446.7897943481 5.30102632414418
"91" 215000.66236661 3 2 1339.23011894568 8504.13700064651 1 0 0 3 6 1340.81556463897 0 1931 0 98168 1367.9763271576 8999.47708440294 5.3324397978771
"92" 338899.305826772 3 1.75 1180.18964884767 3998.35204761977 1 0 0 3 7 1040.41127305274 140.780761368412 1929 0 98118 1429.59862893687 4001.54133031348 5.5300706792655
"93" 785000.24541652 3 2 2180.74600502728 5440.31911074939 1 0 0 5 7 1099.04638912651 1079.73288075245 1904 0 98103 1469.37039879747 4109.51967932313 5.8948697925198
"94" 539998.925034403 3 1.75 1297.74089892998 62290.134529642 1 0 0 3 7 1300.16422551621 0 1983 0 98053 1849.88424023205 52270.5903721881 5.73239289528206
"95" 535000.60876146 2 1.5 1938.3402763489 5699.35543198911 1 0 0 3 7 970.663904599415 969.129122071417 1937 0 98117 1249.54541042499 5700.21962165631 5.72835427619243
"96" 764999.916144568 4 2.5 3190.36671006417 38118.6202396672 2 0 0 3 9 3190.62969229727 0 1988 0 98053 2557.83563338922 36279.452376748 5.88366138754845
"97" 324999.43928024 3 1 989.591074439776 6749.07296345671 1 0 0 4 6 988.95319729219 0.924338937357495 1947 0 98133 1440.0015502237 6859.01972156554 5.51188261169362
"98" 810000.361542678 2 2.75 2697.52597131013 8570.80518040926 1 0 0 3 9 2699.46349512409 0.0695804929092482 2007 0 98053 2680.93674289396 8569.23916987269 5.90848521272551
"99" 637799.769860807 4 1.75 2250.50794974074 4750.62546953326 1.5 0 0 4 7 1420.44556632569 830.516547685379 1924 0 98115 1927.92256523462 4749.66267866221 5.8046843581992
"100" 899998.592474856 2 1 1240.19459179452 5500.14128718618 1 0 0 3 7 1241.77059018589 0.179048968883175 1954 0 98102 2079.89831896552 4400.39200971879 5.95424183023835
"101" 1049999.80491007 3 3 3249.51163891378 5091.97631177811 2 0 3 3 10 3249.71432453442 1.0068117569372 2004 0 98146 2819.51856344289 7752.29377689871 6.02118921837805
"102" 1200000.34506907 4 3.5 3929.7281993799 43556.8782623608 2 0 0 3 10 3929.87170784802 0 2003 0 98072 2860.54799463479 36460.1696194764 6.07918137093227
"103" 473001.043289032 4 3.5 4369.75184222566 37191.6042420274 2 0 3 3 8 2780.69279950017 1590.75959937866 1996 0 98022 2858.53825713137 39356.0968561594 5.6748620986536
"104" 909950.332946128 5 3.75 3049.55042254848 8972.56262072792 2 0 0 3 9 3050.54548847898 0.615343225881124 2014 0 98033 2750.21129964049 8981.62160072009 5.95901768823748
"105" 240000.155728784 3 2.25 1480.66517256917 2820.34598302936 2 0 0 3 7 1479.68337967065 0 2012 0 98002 1483.56261901429 3028.32658381107 5.38021152351215
"106" 620001.16822301 3 2.5 1776.19646305332 1248.33853279538 3 0 0 3 8 1602.9015591306 174.29223119516 2006 0 98103 1780.06362743393 1246.41916132337 5.79239250780846
"107" 538999.150394367 3 2.25 1539.99221546048 5338.68172783251 1 0 0 5 7 769.80904210278 769.739058387926 1954 0 98115 1678.76498644101 6524.25837513906 5.73158808062398
"108" 720001.445033252 3 2 1588.13705022492 5200.65874541025 1 0 0 3 7 1321.29748459968 268.665665562392 1939 0 98103 1621.30863308709 5150.07402450396 5.85733336805535
"109" 179999.850590323 3 2.25 1990.06698602628 6349.80895926669 2 0 0 3 7 1988.74782133084 1.23337162433333 1967 0 98198 1220.4398381305 6249.09295066792 5.25527214461539
"110" 244999.841623572 4 2.5 1700.52231790175 4268.48698277477 2 0 0 3 7 1700.88013740356 0.261487863644726 2000 0 98001 1698.93086955406 4488.34448968595 5.38916580362155
"111" 420000.930164691 4 2.5 2032.52538139219 8100.01475403079 1 0 0 3 7 1150.01926680196 880.836858220726 1973 0 98034 1769.57743669009 8071.61644875193 5.6232502522192
"112" 1375000.17542128 5 4 3759.63241433312 22761.5508720668 1 0 3 4 11 1910.00957215088 1851.8278104079 1969 0 98040 3729.21438902114 11200.5035398968 6.13830275357318
"113" 957501.281459746 4 2.25 2359.67308395036 11523.0582380608 2 0 0 4 10 2360.52510178617 0.396564969666721 1968 0 98040 2848.47812788478 11359.9068559969 5.98113936387358
"114" 489999.925911175 3 1 960.979664598979 5748.68789504523 1 0 0 3 7 959.12486704832 0 1951 0 98116 1520.90780560106 5749.17526486797 5.69019601436245
"115" 317001.03953049 3 1.5 1058.90216879302 5750.19501353042 1 0 0 2 7 1061.16533149402 0 1981 0 98126 1061.74733069668 5751.36444501041 5.50106068638688
"116" 290000.607548534 3 1.5 1309.85862657785 8099.8570669341 1 0 0 3 7 1309.6911857655 0.0508386516746482 1965 0 98034 1329.872594404 8099.68133647532 5.46239890774275
"117" 214999.776180122 3 1 1179.67556283358 8999.38663583967 1 0 0 4 7 1181.76531889799 0.728868819923638 1970 0 98031 1289.58996659385 8315.6095936798 5.33243800780496
"118" 319999.855570617 4 2.5 2299.55733974784 3824.16761361745 2 0 0 3 7 2301.50019588196 0.773704475348586 2012 0 98042 2109.8278743398 3825.21694241095 5.5051497823046
"119" 181999.549446524 3 2.25 1961.36140990493 8877.11172889545 1 0 0 3 7 1290.90589474121 672.908603820642 1965 0 98003 1890.86505557096 8700.40576911573 5.26007031285798
"120" 356501.049186078 4 2.5 2567.57321184518 11473.5422676579 2 0 0 3 8 2569.18777722653 1.99095737353504 2008 0 98003 2430.18997389879 5997.91222483894 5.55206081232268
"121" 491150.578113781 3 2.5 1468.89452260079 3971.66567651993 2 0 0 3 7 1469.77095975572 0 2003 0 98053 1650.03373217825 3148.57825805068 5.69121465957383
"122" 731100.501611588 3 2.5 2060.31796854635 8778.40027314281 1 0 0 3 8 1158.54189177281 899.966499425815 1953 2010 98136 1991.12649033173 7561.40881420492 5.86397708187603
"123" 108998.855068418 2 0.5 581.224576964399 6899.57439142123 1 0 0 3 5 578.549123545363 1.03700340911615 1941 0 98118 1570.12682793843 5040.19712088677 5.03742193610503
"124" 449999.196837594 3 2.25 1758.37949174927 10011.2340312442 2 0 0 4 8 1761.94762564213 0.526775652165647 1983 0 98056 1809.5623589276 9768.57117552227 5.65321173864354
"125" 1370001.10743148 4 2.75 3717.74591442886 9449.26598892902 1 0 4 5 10 1960.6097860907 1759.35315933193 1962 0 98006 2899.28816003662 8603.27296031384 6.13672091821567
"126" 554999.422912604 4 1.75 2350.12943519882 6199.26151176645 1.5 0 0 4 7 1411.53955036037 940.79855890569 1946 0 98116 1800.8063622439 6147.84422802219 5.7442925315443
"127" 735000.068703334 6 2.75 3360.08312106728 84506.4819706341 1 0 0 5 7 2040.36600055472 1320.92286253944 1962 0 98052 2187.99850484956 43123.9755411703 5.8662873796794
"128" 326995.535010874 3 2.5 1860.55411251731 5319.80109635108 2 0 0 3 7 1859.45950455618 0 2000 0 98038 1939.69753919256 5205.91326929643 5.51454182258879
"129" 329998.436786757 4 2.5 3503.89266326489 6000.35152560158 2 0 0 3 7 3502.69052713492 0 2006 0 98001 2790.17395098913 5231.48267918288 5.51851188261579
"130" 1130000.82229856 4 3 3180.96565834291 4648.7704000055 2 0 0 4 9 2069.10913828459 1110.52744785922 1925 0 98105 2719.24974194175 5979.36261987025 6.05307875951846
"131" 593999.315181138 3 2.25 2080.36018948792 70567.8760833867 2 0 0 3 8 2077.57984209877 0 1990 0 98072 3731.12352234603 43558.805953891 5.77378594428553
"132" 935000.764578185 2 2.5 1778.62585457147 2067.2404300847 2 0 0 5 9 1780.11699265129 0 1974 0 98004 2321.33589842885 2066.88798303681 5.97081196600829
"133" 119902.057055818 2 1 700.074034609764 3179.7108999604 1 0 0 3 6 479.017825490423 218.591341121703 1951 0 98178 1759.94368941799 6361.85270635167 5.07882663397731
"134" 1010000.53220474 4 3.5 3129.57908939259 5000.03339774863 3 0 0 3 10 3130.61813863825 0 2014 0 98116 1948.99239388192 5152.22528554983 6.00432160262771
"135" 255001.416972396 3 1 1252.57528660743 9472.71584859195 1 0 0 4 6 1250.22485708325 0 1972 0 98059 1591.00116364463 9601.27557828222 5.40654259369507
"136" 918999.234429028 4 2.5 3619.36664705776 17132.2558757195 1 0 4 3 10 2219.25247790178 1399.25479059674 1993 0 98075 3530.25925605191 17026.501470988 5.96331514959788
"137" 435000.074970154 3 1 1049.11263218997 5501.11088497689 1 0 0 3 6 930.150343394079 120.559499280455 1920 0 98126 1409.790361935 5834.10116204105 5.63848933180319
"138" 1449998.20187433 5 3.5 4171.09377030848 9089.14758730357 2 0 0 3 10 4169.18590749655 0.350870969234218 2008 0 98004 1929.62658066299 13636.2979595236 6.16136746367184
"139" 566000.819220785 3 2.5 2091.00139135527 6293.89373367527 2 0 0 3 9 2090.71433019603 0.917100832212676 2004 0 98052 2519.83231245769 5734.95327753645 5.75281705977981
"140" 1374999.48783409 4 3.5 3499.93447447405 9523.27464568978 2 0 0 3 10 2461.74651699986 1037.76686677463 1996 0 98033 3160.04959764263 5996.89491148233 6.13830253639838
"141" 420002.171126913 4 2.25 2030.38171650506 11999.2413404814 2 0 0 3 7 2031.98657845625 0 1977 0 98011 2191.20363465064 9901.06750947883 5.62325153541219
"142" 425001.585563234 2 1 1320.55311098904 8831.52530526446 1 0 0 3 7 1020.30813542715 300.831318144794 1939 0 98199 1620.19048452299 8531.3431534586 5.62839055028579
"143" 678501.67982903 3 2 2460.6284859655 6600.22596639896 1 0 2 4 8 1370.46269355073 1089.53545531721 1952 0 98136 2149.89281729209 6601.1550996371 5.83155092721989
"144" 369000.33318024 3 2.25 1819.84700711905 99753.7212839654 1 0 0 4 7 1821.06983550764 0 1969 0 98092 1849.64756438709 117611.879249645 5.5670267582953
"145" 498000.375342936 2 2 1139.18336499327 8281.87684341947 1 0 0 3 6 1138.42901791983 1.11955278875609 1924 2009 98033 1651.71393592778 8999.55343947588 5.69722967008764
"146" 775000.313587671 5 1.5 1719.38872564572 4998.31593903267 1.5 0 0 3 8 1720.82419100798 1.35311524341211 1915 0 98103 1720.73541515972 4998.00232368122 5.88930187823453
"147" 303100.030727893 3 1.5 1641.6900335226 5648.6128739709 1 0 0 3 8 1641.37332258522 0 1952 0 98178 1639.41204765587 5649.77204923312 5.48158598039584
"148" 435000.523778811 4 2.5 2189.40793257905 6577.8855437961 2 0 0 3 7 2190.5089335913 0 2004 0 98065 2189.95394524521 5417.84977982455 5.63848977988363
"149" 360002.351035398 4 2.5 2489.16660286637 4751.20014450418 2 0 0 3 7 2488.62164516511 0 2001 0 98056 2509.88387960225 5233.30968290049 5.55630533698497
"150" 530999.639397118 3 2.5 2118.4169807546 9737.13627621077 2 0 0 3 9 2118.37795009777 1.28239676557348 1988 0 98011 2488.56661409753 8763.43325692277 5.72509422615135
"151" 402000.691861112 2 1 709.47471140329 5099.63244523346 1 0 0 5 7 711.582055346996 0 1905 0 98117 1531.65784105672 5100.3499441729 5.60422680052528
"152" 625002.422562376 3 1 1240.50377536446 4080.08700179657 1 0 0 3 7 1240.18447459615 0 1925 0 98103 2062.36822863224 4080.06842450852 5.79588170070957
"153" 511555.44153725 3 2 1399.60559601874 7292.87696845195 1 0 0 4 7 1400.25484721876 0 1963 0 98008 1598.02437787288 7960.55874386557 5.70889270872048
"154" 422499.768817873 3 1 1270.54856614384 8920.54455515917 1 0 0 5 7 1268.98385248946 0.761711496350294 1969 0 98056 1588.01591217224 8589.3055072457 5.62582647564985
"155" 275000.373031696 2 1 770.655355350583 4841.87513144393 1 0 0 4 7 769.519817428304 0.854707820810907 1927 0 98126 930.079371497422 4839.93611123563 5.43933328294116
"156" 951249.959833524 5 3 2709.70154522353 8227.13040295332 1 0 2 3 8 1909.52660573392 799.884883586319 1953 0 98199 2060.00717846378 5400.21939673848 5.97829465144057
"157" 734499.119324509 4 2.75 3280.13408712613 6845.20444134214 2 0 0 3 10 3279.99572715493 0.391105515376709 2003 0 98052 3277.2375365006 7466.20979840171 5.86599127940097
"158" 389998.859887856 4 1.75 2329.32338622268 8361.73455020629 1 0 0 4 8 2332.05430389582 0.994661248450968 1968 0 98058 2179.88112184023 9631.36138202288 5.59106333742359
"159" 242998.698355106 2 1.5 1067.27291281928 1759.72786919918 2 0 0 3 7 1067.31642589961 0.52171533092534 1990 0 98028 1078.62890415638 1314.44012462574 5.38560394726618
"160" 229999.407832732 5 1 1921.90258041019 19041.314856091 1 0 0 3 7 1157.77276103839 759.140361930093 1961 0 98168 1921.46697331804 11519.7909379811 5.36172671786408
"161" 315499.809511854 3 1 1299.88919114845 12600.5977110437 1 0 0 4 7 1299.55807919212 0.0356177309827562 1969 0 98072 1480.11325857879 13530.3466080249 5.49899910136787
"162" 299999.695771981 3 1 1288.87632347883 12415.0817731582 1.5 0 0 3 6 1289.42318853375 0 1908 0 98070 1620.52011774497 12416.5348643266 5.47712081430427
"163" 378001.176547374 4 2.5 1890.4176143661 12236.755267265 1 0 0 3 7 1231.67369863881 658.470887347985 1978 0 98045 1389.90001023456 11359.9393357262 5.5774931516024
"164" 654999.201166679 3 2 1408.35926159895 4798.2781858568 1.5 0 0 4 8 1411.25057196843 0.971790226832199 1927 0 98118 1820.90164646341 7198.28493103865 5.81624077032901
"165" 434997.403205693 5 2 1839.45704223792 9239.85705336242 1 0 0 4 7 1539.35901115655 300.721401446975 1942 1958 98133 1198.9626725879 5248.70539452004 5.63848666436428
"166" 1944999.0962268 4 4 4689.3553110703 6897.95023584333 2 0 0 3 11 3479.77115000696 1212.1277840305 2001 0 98004 2799.61647745213 11240.2610669182 6.28891940386028
"167" 214999.863227368 3 1 960.543940363228 9564.23298929218 1 0 0 5 7 959.054219911993 0.14153573498937 1967 0 98023 1280.36076774762 9598.67216205826 5.33243818363831
"168" 810000.407546329 3 1.5 1519.9915935591 9041.53066208957 1 0 0 4 7 1519.07343738274 0.787490294005315 1954 0 98004 3259.46128711716 10021.0730307666 5.90848523739109
"169" 525999.915668613 3 1.75 1528.61094395091 6124.09319995004 1 0 0 3 7 1117.89094013977 409.868567157885 1958 0 98116 1361.39711546906 6126.56509058699 5.72098567452511
"170" 165051.546081272 3 1 1201.30909392726 8515.23250063559 1 0 0 3 7 1201.53687116663 1.39140024186429 1959 0 98022 1209.91131325797 8983.83558009238 5.2176195968361
"171" 273998.634530913 3 1.75 1590.54265954518 7618.83572159238 1 0 0 4 7 1090.68431906202 501.39978945173 1984 0 98038 1590.4752820139 7620.46867449716 5.43774839852416
"172" 2535000.8520451 5 3.25 3730.73506722917 10625.3661425196 1 0 4 4 10 3730.1762593586 0 1963 0 98004 4179.07162377061 19109.5986673418 6.40397810964112
"173" 889999.43207822 5 1 2587.93171170879 4651.54038240043 2 0 0 4 8 2308.09764023708 281.065095969859 1907 0 98122 2359.51628492246 4650.17955017075 5.94938972951528
"174" 782900.170323824 4 3.25 3062.00895913914 3896.97725996213 2 0 0 3 10 2301.9055808434 760.552810707116 2014 0 98027 2920.2237809345 3447.34594275647 5.89370638754765
"175" 415001.975447452 2 2.25 1129.47686070733 2191.2872292355 2 0 0 3 8 1129.39469698812 0.0742704207894435 2010 0 98052 1141.77707712511 1710.0710280648 5.61805016399856
"176" 355001.630176927 3 2.25 1979.99917495428 7200.01263984215 1 0 0 3 8 1298.8166085013 681.692081400464 1964 0 98177 1820.23604851612 8249.7727080779 5.55023034735148
"177" 474999.190501191 3 2.5 1798.88681664897 3301.4014387554 2 0 0 3 7 1691.0467065101 110.843319744181 2004 0 98118 1571.27565322412 4097.07593198005 5.6766928694961
"178" 615000.90613162 3 2 1860.59590691531 42799.0133625321 1 0 0 4 7 928.328246034293 929.441234119341 1983 0 98075 1980.03344883242 11250.7818502717 5.78887575565781
"179" 880000.77922418 5 3.5 4600.59522248082 8764.52384998772 2 0 0 3 10 3180.58728667948 1420.84640097996 2007 0 98006 3207.99834751214 9431.68782894365 5.94448305670995
"180" 272924.895527847 2 1 1279.43083442511 5729.04161391037 1.5 0 0 5 6 1280.25136860509 0 1941 0 98028 2478.85065769171 9774.14136257321 5.4360431527356
"181" 535000.149099484 3 2.5 1690.78172674294 9624.97179197768 2 0 0 3 8 1691.91483202812 0 1984 0 98027 1860.23301497863 8956.53479929723 5.72835390305501
"182" 468000.634131789 3 1.5 1829.2276060174 9847.27295989743 1 0 0 5 7 1829.69808400801 2.52798998430276 1962 0 98056 1828.96976592316 8166.11723905716 5.67024644153513
"183" 659499.877935805 3 1.75 1820.73366599848 5500.51004555677 1 0 0 4 8 1619.65218807272 200.378526610845 1957 0 98115 2329.79361964924 6051.34124456053 5.81921471950056
"184" 188200.158552818 3 1 1262.05527335747 7265.19606869011 1 0 0 4 7 1259.61350981407 1.69726779552429 1954 0 98002 940.00242674467 7199.5982219268 5.27461998497107
"185" 510000.834366255 3 2.5 1420.20833390798 1237.86956521457 3 0 0 3 8 1420.15607451771 0 2014 0 98107 1508.16477784912 2500.71111823834 5.70757088660845
"186" 588999.516278093 3 2 2249.5485037326 8798.93404065492 1 0 0 4 7 1249.09604930148 999.979785050246 1925 0 98116 2248.56007930902 4800.44358664501 5.77011493811844
"187" 934999.518566072 5 4.5 4227.93116588669 9700.31371847089 2 0 0 3 10 4228.74134309716 0.919048284425882 1999 0 98006 4130.15565641425 12252.1489677684 5.9708113872531
"188" 1443999.82605176 4 2.75 2660.58148472127 9546.61604998873 1 0 1 3 8 1930.76229928295 729.602425361015 1968 2006 98004 2411.490406697 10002.0258064444 6.1595671409173
"189" 565001.137448629 3 2.5 4040.38528782091 8652.83952883437 2 0 0 3 9 2898.76713204059 1139.31997077888 2006 0 98019 3362.05898706847 8651.98767062446 5.75204932213301
"190" 229900.923855468 4 1.75 1547.98091561307 9900.12485900223 1 0 0 4 7 1549.31543791856 0.298414990583689 1967 0 98030 1500.48969118231 11273.9171937991 5.36154071648253
"191" 399999.807321974 2 1.75 2109.55832307628 9517.59218230735 1 0 0 2 7 2111.41132955193 0 1948 0 98155 1480.00997657162 9518.90007224081 5.6020597821304
"192" 684997.833180476 4 2.5 3549.99913103578 10968.2052475125 2 0 0 3 9 3550.72935615183 0 2006 0 98065 3549.61443640254 8583.38638615122 5.8356891977125
"193" 494999.873792939 2 1.5 1920.10081130138 6250.08077233376 1 0 0 3 7 1062.14943041311 861.101592321481 1937 0 98199 2068.41380412852 6250.40521215659 5.6946050882042
"194" 279500.597524591 4 2.5 1611.13571862911 4337.82835574969 2 0 0 3 7 1613.45140074406 0.9925534830594 2009 0 98042 1427.27080874411 4341.1701026119 5.44638274067094
"195" 650880.593709474 3 2.5 2931.34933800581 6048.8477302463 2 0 0 3 9 2930.05312446585 0.435800289588558 2008 0 98065 2760.79743577312 5763.20327977659 5.81350132305436
"196" 334849.901227125 2 1 870.462215386877 5635.13173047432 1 0 0 3 7 869.323528095367 0.978565461667142 1948 0 98116 1309.35604933686 5750.41977452613 5.52485017516552
"197" 483944.764651591 2 1.75 1479.76618348661 5118.86586603654 1 0 0 4 6 839.07925875541 641.00174001554 1951 0 98116 1089.72542006102 5119.4020770458 5.68479579599166
"198" 974999.395610731 4 2.5 4271.41377538485 43386.024692831 1 0 0 3 10 2679.48469342813 1592.42681845865 1991 0 98053 3629.98133833795 36179.9083315416 5.9890043464852
"199" 418499.284610778 3 2 1798.91734381368 12440.4918487395 1 0 0 3 8 1218.23945035023 580.752980654903 1978 0 98074 2461.02479137142 12352.0515294238 5.62169471994013
"200" 240000.405297363 3 2 1191.76876695031 10300.5222478827 1 0 0 3 7 1189.81762961392 0.0881356767634668 1994 0 98010 1700.17468530502 9848.41609200543 5.38021197512102
"201" 337002.700075531 3 2.5 1471.22195882305 3974.94452626564 2 0 0 3 7 1470.1889169298 0 1999 0 98065 1488.47827599321 4400.69596155367 5.52763338046542
"202" 278000.785791414 2 2.25 1610.1713327563 1967.15084594323 2 0 0 4 7 1609.31487520737 0.546019741742155 1979 0 98056 1950.06348501358 1966.40398705087 5.44404602348783
"203" 235000.574868475 3 1.75 1379.9722614641 8359.4784294605 1 0 0 3 7 1379.71857398073 0 1967 0 98003 1380.33615707952 8799.05471793308 5.3710689246628
"204" 738999.736118578 3 2.75 2950.18602294872 6668.27651813942 2 0 0 3 9 2950.19230167062 1.19875701686604 2003 0 98029 3339.3769695803 6667.27188824256 5.86864428331733
"205" 824999.787657492 3 1.75 2010.89499367696 3089.34994870157 1.5 0 0 5 7 1509.19467625277 498.839289259595 1926 0 98103 1599.73401614523 3149.29026076317 5.91645383676909
"206" 479951.103723883 3 2.5 2809.69767898571 4984.83538928469 1 0 0 3 9 1749.98117250209 1060.35588561586 2006 0 98055 2807.84292417596 5710.11938476209 5.68119699474106
"207" 380000.065965533 5 2.5 2127.71590722553 8428.25848604789 2 0 0 3 7 2128.794096994 0.655431325146742 2013 0 98168 1500.3121661344 11810.3876267371 5.57978367200751
"208" 703997.850278896 4 2.25 2491.115279662 6972.06481180634 1 0 0 4 8 1490.6713363225 999.08678133682 1953 0 98199 1780.31255884335 5613.33609601567 5.84757133298666
"209" 2149998.79467746 8 6 4338.64093501898 9413.79993234886 2 0 0 3 8 4340.19695828519 0.855192772314604 1967 0 98004 2048.51480706472 9099.03611963601 6.33243821644348
"210" 1389000.811977 4 3.5 3130.24455587959 3900.13012866762 2 0 0 3 9 2550.90446029549 579.190917068137 2008 0 98115 1830.16196849473 3900.42673106475 6.14270249961597
"211" 504999.831651586 2 2.5 1897.69408513688 5065.36048285341 2 0 0 3 8 1900.64912214455 0.627377608686705 2005 0 98053 1350.3987281434 4665.30208031352 5.70329123334084
"212" 1395710.4908765 4 2.25 3960.23429370364 8640.34895474129 2 0 2 3 9 2629.9339986155 1330.38737337737 1925 0 98112 3850.20164764831 8641.50564705144 6.14479534289024
"213" 629998.723767318 5 2 2330.90311427095 6781.02113659858 1 0 0 3 7 1311.27027327777 1019.52151546781 1956 0 98115 1928.17310589352 6783.36469739869 5.79933966967362
"214" 665000.62743772 6 3 2479.96437050796 9719.46283975264 2 0 0 3 8 2478.4180391956 0.333876169152486 1972 0 98007 2480.76145595729 9199.11371419992 5.82282205506643
"215" 425000.14272122 3 1 1319.31187678679 7074.98949791197 1 0 0 4 7 1319.77202897424 0 1959 0 98008 1508.45411087726 8999.46133040662 5.62838907589273
"216" 332499.400866233 3 1.5 1501.50862492676 6333.73034072715 1 0 0 3 7 1502.2799526303 0 1953 0 98125 1500.96697086929 6336.89948472502 5.52179086708056
"217" 190000.284950347 3 1 1508.2951997331 8759.88297869185 1 0 0 4 6 1511.04873100212 0 1946 0 98002 1038.38753163132 7826.81289989274 5.27875425228057
"218" 635000.049655478 4 2.5 2079.49241417769 11175.1695849986 1 0 0 5 8 2080.35462988278 0.776296268011237 1954 0 98125 1389.87876815717 7927.75555932152 5.80277375925276
"219" 769999.740478481 4 3 2798.30420828018 9124.81595320014 2 0 0 3 9 2798.79397119743 0 1999 0 98074 2779.49035374183 8165.09460928449 5.88649057879744
"220" 565001.526060845 3 1 908.885987432795 5214.06816813674 1 0 0 3 7 910.528745225293 0 1951 0 98115 1518.6914513721 6297.88059886895 5.75204962084406
"221" 620000.896654743 3 1.75 1480.79069713631 2186.45876832236 2.5 0 0 3 9 1480.08699902555 0.704505506607227 2005 0 98034 1478.7983081197 2441.91623803824 5.792392317582
"222" 262000.956813315 1 0.75 520.756241830265 12980.5866827264 1 0 0 5 3 519.832454868761 1.52049505769037 1920 0 98022 1340.64518275099 12233.8693329803 5.41830287734258
"223" 674951.09960959 4 3.5 2648.80515220435 3127.55093201534 2 0 0 3 8 2231.4830900894 420.790688511669 2011 0 98027 2330.32350462504 3137.78638339518 5.82927230921766
"224" 389998.790111152 3 2 1928.75288685947 12443.483648126 1 0 0 3 7 1929.65555237943 0.27717283981257 1969 0 98045 1398.72968646911 12183.3795110381 5.59106325972172
"225" 324000.311520554 2 1 820.151906812568 8370.18277663396 1 0 0 4 7 818.915855413745 0 1941 0 98177 1408.95287849087 8368.99477613994 5.51054542777326
"226" 265000.506532646 4 1.5 1240.21700406063 8157.22306359522 1 0 0 4 7 1110.06053517289 130.272966847402 1961 0 98198 1518.93221350914 8145.93670318562 5.42324670406557
"227" 327001.300930374 2 1 1141.18574941057 7435.81641392694 1 0 0 3 7 1142.54062453531 0.46427580781385 1952 1990 98125 1318.58831104676 9384.53835215631 5.51454948044548
"228" 529999.860783975 4 2.5 3010.91843868478 9000.96356201332 2 0 0 3 8 3011.0564575096 0 2008 0 98059 3249.3312344711 5529.78916472336 5.72427575552388
"229" 321998.593536962 4 2.25 1939.62339834844 10201.2084459895 1 0 0 3 7 1360.26124352519 579.578339487069 1960 0 98188 1940.42887888159 10199.3809669653 5.50785397473785
"230" 634999.617986017 3 2.5 1780.4257873741 10999.937655523 1 0 0 4 8 1209.76235337809 571.130844425344 1980 0 98006 2310.27251747575 9701.18649182425 5.80277346402172
"231" 429900.134456201 4 1.5 1819.07587732899 17918.4206655554 1 0 0 4 8 1189.93012096383 629.663411370175 1962 0 98056 1891.99945848655 15240.373476224 5.63336758094761
"232" 330488.64688328 3 2.75 1438.96665965416 7349.16035392587 1 0 0 4 7 1041.16601448621 400.117363224 1980 0 98058 1508.49877254966 7350.84521644732 5.51915654496952
"233" 506000.644521969 5 3 2432.16011808055 7998.99384845473 1 0 0 4 7 1369.87457605222 1062.04872050864 1957 0 98008 1770.74937295445 7998.00411047042 5.70415107002588
"234" 625000.435993559 5 3.5 4010.81099599278 6001.25911935809 2 0 3 3 9 2560.42459746162 1449.32748098139 1997 0 98178 2441.34960030429 6000.132787636 5.79588032030332
"235" 549999.889244538 3 2.25 1851.81775195267 37264.598940193 2 0 0 3 8 1850.72867513423 0.06396486872069 1981 0 98053 2390.48417957537 36037.5223897848 5.74036260203881
"236" 239999.439257234 3 1.5 1460.59285965407 13501.5777900043 1 0 0 4 6 1459.79339352907 2.69367281954177 1977 0 98010 1458.88722602244 13394.4671470306 5.38021022701255
"237" 693000.942592212 4 2.5 3160.29053669975 13064.8573639923 2 0 0 3 10 3159.33158108619 1.18771956737721 1999 0 98075 3348.57088099214 14213.1007760877 5.84073382532222
"238" 494999.77391729 4 2.5 2980.51269356597 12075.6365725769 1 0 0 3 8 1909.47166038138 1070.49157979496 2007 0 98056 2240.94022128052 12074.7857230371 5.69460500057701
"239" 352750.603445902 2 1.75 1059.29546369762 1241.41277048541 2 0 0 3 7 962.064840150319 99.3536221927625 2008 0 98144 1170.12887972914 1400.14579506006 5.54746776536898
"240" 332002.177872418 1 1 960.185027985275 2640.20857381265 1 0 0 3 7 759.009118055067 199.548691493748 1908 0 98112 1618.89083801168 3758.50390344732 5.52114093260425
"241" 229898.948359492 3 1 1438.30458890883 11926.4574877224 1 0 0 3 7 1439.37647998615 0.308594070054933 1968 0 98003 1440.10511408585 10424.760796001 5.3615369846546
"242" 175001.025169659 4 2.5 1779.23102920553 6001.20842291869 2 0 0 3 7 1779.87159294009 0.046857586467053 1991 0 98198 1630.77937579042 6000.04651384327 5.24304059282471
"243" 311999.794327661 3 2.5 2069.24623254448 25711.1200984123 1 0 0 5 6 2070.04922295089 0 1917 0 98022 1348.56271350757 17998.0353902062 5.49415430772873
"244" 308499.826851392 2 1 849.162347480657 6172.6811118745 1 0 0 4 7 849.863759405857 0 1950 0 98155 1098.7889241328 6174.53407026522 5.48925492461721
"245" 594999.798711046 5 2.75 3740.91433410494 6749.17956742188 1 0 0 4 8 1980.87478731102 1759.53109769205 1978 0 98028 2620.24300668958 7920.87468644261 5.77451681880637
"246" 309950.191345412 2 2.25 1461.11604531837 1606.73534364791 2 0 0 3 8 1458.2552943579 0 2007 0 98106 1460.01622034053 1826.87425520721 5.4912919087961
"247" 625001.86892334 4 1.5 2120.70225063308 4998.81778782223 2 0 0 4 8 2121.08257579631 0.469696221306958 1900 0 98122 1830.83031707597 5000.38480734218 5.79588131600308
"248" 824000.590907139 4 2.5 2319.14036179295 14241.4626863304 1 0 0 4 9 1619.95693715439 701.644018221059 1974 0 98008 2808.57055227224 13198.7374013188 5.9159275231384
"249" 363500.532360071 4 2.5 2678.69421478907 7699.24973247718 2 0 0 4 8 2680.2130848472 0 1990 0 98031 2398.90014743651 7700.12709441208 5.56050505123597
"250" 374999.739192724 3 2.5 1597.97106926138 2042.70230347024 2 0 0 3 8 1599.63939491637 0 2005 0 98027 1445.97151283109 1370.67171795652 5.57403096568185
"251" 749999.563772585 4 2.75 2310.02982796304 10231.1634556953 1 0 0 5 8 1311.45881396384 999.479013970958 1980 0 98006 2818.61967691595 9886.02821456828 5.87506101079008
"252" 550002.526161958 3 1.75 1650.15825505656 3200.12733373602 1.5 0 0 3 8 1650.58873664989 0 1901 0 98102 1499.0329898731 2401.16361905969 5.74036468421366
"253" 538999.268771809 5 1 1699.98498141203 11728.4560877051 1.5 0 0 4 7 1700.1058665814 0 1954 0 98033 1739.25551093408 8211.23989212142 5.73158817600569
"254" 824998.158844848 3 2.25 2980.6609055167 86636.3957495448 1 0 0 3 9 2228.65079717091 748.794974340917 1989 0 98053 2981.69266959744 107158.581859971 5.91645297933245
"255" 750999.230285672 4 2.5 3108.81535789163 6142.32484579361 2 0 0 3 9 3109.70741902316 0.0214090144757829 2004 0 98052 3198.87834353808 6828.3353742312 5.87563949188718
"256" 1167998.61403668 5 2.75 2908.88152983851 15117.4908741097 1 0 0 5 9 1780.08653572306 1128.87942757648 1972 0 98006 2880.87292190948 15252.7338801419 6.06744232743684
"257" 829999.439528213 5 2.25 2709.32103033726 19802.4163474953 1 0 0 5 9 1909.66480737301 799.826039435283 1959 0 98005 2120.13026673142 16401.1135212687 5.91907779911115
"258" 359949.797182837 3 2.25 1941.03781728537 11613.3744307964 1 0 0 4 8 1098.96940862488 840.261030077013 1981 0 98178 2179.08060912779 8953.30191920422 5.55624193319274
"259" 2327999.73023686 4 3.5 4419.4710986433 20758.3682856641 2 0 0 3 11 4420.74108410394 0 2003 0 98004 3020.14660415166 20664.4191643385 6.36698292565283
"260" 365001.12754649 4 2.25 1990.71410546466 21311.5811680614 1 0 0 4 8 1988.17838229019 1.24965322404606 1968 0 98058 2399.99173074533 19210.5837188269 5.56229420606322
"261" 499999.485630511 3 2 1989.59355591994 65340.9384788999 2 0 0 3 8 1988.60803819718 1.17457890925058 1986 0 98027 2119.51495016476 59241.3002196916 5.69896955756013
"262" 310000.248232756 4 2.75 2371.17212034646 7319.08906381935 2 0 0 3 7 2370.48249759966 0.390977491338134 1989 0 98023 1958.16091526185 7320.38021808719 5.4913620415958
"263" 414498.852418805 3 1 1047.90470951094 6001.62180247066 1 0 0 3 7 837.878658138302 209.668704255404 1941 0 98115 1179.88863695575 6002.66471736383 5.6175233325006
"264" 433499.039949688 3 1 1231.2326938327 6000.12395048321 1 0 0 4 7 780.178557161157 450.920351485834 1937 0 98115 1570.88547928562 5000.2815587441 5.63698814000135
"265" 2750000.19547183 5 4 6299.62161143923 16063.2804451519 2 0 1 3 12 4362.19611011338 1939.67107862041 2004 0 98004 3260.47056473055 17288.8532386323 6.4393327247002
"266" 666999.127841173 3 1 1399.39475650962 1580.29279453447 1.5 0 0 5 8 1399.09796494616 0 1909 0 98112 1861.32799205758 3860.4403411869 5.82412526603947
"267" 523000.38913743 4 2.5 2660.8051603692 65339.2699784652 2 0 0 3 8 2662.2464703181 0.789047106431739 1988 0 98027 2849.72530939269 74052.4235693085 5.71850201200337
"268" 409998.855810743 3 1 1408.2252529387 4999.04016550195 1 0 0 3 6 979.506376544394 429.637110544267 1925 0 98116 1411.08652389466 5000.33657044637 5.61278264473004
"269" 424999.447789593 3 2.25 1669.79713236967 9502.33619627876 1 0 0 3 7 1168.83163350019 500.568852674776 1977 0 98125 1468.59972465432 9499.27174438873 5.62838836576304
"270" 850001.09086155 3 1.75 2450.26828418952 8602.68961808337 1 0 0 5 8 1340.60752581715 1108.72270530756 1940 0 98199 2278.96473725348 5779.20125909376 5.92941948307294
"271" 939999.242572949 4 2.75 2081.36526273919 4000.56668177504 1.5 0 0 3 8 2080.04831804958 0 1912 2000 98107 1731.61161804065 5000.34529738355 5.97312750365659
"272" 506999.789257519 4 1.75 1769.90686556838 9375.2423910761 1 0 0 4 7 1168.9196715775 601.009089075533 1968 0 98052 1541.50465886564 9373.53391198988 5.705007778812
"273" 398998.28975529 3 1.75 1777.27106413537 11441.7644335759 1 0 0 3 8 1350.24901413715 430.252013048222 1977 0 98059 2179.25148155142 11439.6341861169 5.60097103415434
"274" 510001.964977255 2 1 1070.1253019845 5280.70452748073 1 0 0 3 6 1067.74866116812 0 1900 0 98122 1379.50558384919 2369.04524679067 5.70757184938644
"275" 699998.258784353 4 2.5 2577.58143490434 15031.3406637064 2 0 0 3 9 2578.46514834352 0.430501064486498 1999 0 98052 3029.70080521018 10360.0391842423 5.8450969597267
"276" 527999.853172523 4 1.75 1859.6269844262 9749.94482273126 1 0 0 3 7 1458.89037683247 399.844126541901 1969 0 98034 1900.03208774682 8912.29601398797 5.72263380176417
"277" 718999.74621947 4 2.5 2571.30165907728 7174.05220767613 2 0 0 3 8 2569.57290583107 1.90279551528841 2005 0 98052 2629.7439982242 6027.37493035021 5.85672873709289
"278" 436999.726578223 3 2.25 1129.62950498924 1220.6085485913 2 0 0 3 8 1029.49943446025 98.5516890572282 2004 0 98117 1299.90705718212 5000.18703786896 5.64048116524135
"279" 341999.993141344 4 2 1569.42712465829 11200.5527010299 1 0 0 3 7 1119.11474394839 451.440748020634 1959 0 98011 1567.78395314491 11201.1939431072 5.53402609734655
"280" 665000.630543337 3 2.75 1932.26401823981 2960.06251659792 1.5 0 0 5 7 1489.88846225663 439.768761035057 1929 0 98105 2079.52583375513 3759.75156850228 5.82282205709463
"281" 423999.791665792 3 1.5 1229.78372483764 7201.09643810021 1 0 0 3 7 1231.48924832945 0 1953 0 98125 1400.64680180726 6239.34489683631 5.62736564320023
"282" 453499.849599239 4 1.75 1998.32476911535 6031.41016490655 1 0 2 3 7 1299.3581758439 699.054667309433 1959 0 98146 1929.58519616287 6032.05607235275 5.65657714736473
"283" 209949.570347791 3 1 1659.97220268284 8798.47917836629 1 0 0 4 7 961.287415580419 697.952385395747 1963 0 98023 1370.04291055019 10110.7914648596 5.32211499021104
"284" 505001.203861549 3 2.5 2098.14593046335 17883.5108722171 2 0 0 4 8 2101.031083079 0 1985 0 98059 2080.05271559601 16686.130414815 5.7032924134252
"285" 405000.374246287 4 2.25 1970.0940167463 15743.0604232804 1 0 0 3 7 1370.1655417011 599.194596974914 1962 0 98011 2389.2167200411 11335.4040249426 5.60745542453077
"286" 1042000.48008655 4 4.5 4918.53640621227 270235.578467815 2 0 3 3 10 3820.22829559566 1100.71946473941 2006 0 98045 4920.72278291747 260924.239962055 6.01786791905841
"287" 639502.141487515 4 2.25 2330.31657013715 8993.78675752559 2 0 0 3 8 2328.3061155187 0.409043525989519 1986 0 98052 2331.12656102734 8396.02816574738 5.80584200313
"288" 650000.134487764 3 1.5 1379.81989405468 4498.75185978704 1 0 0 5 7 1379.07376048122 1.11085731640547 1960 0 98040 1587.80548867051 8999.50021335299 5.81291344650022
"289" 249999.40054681 3 2 1557.96062168464 32135.4113870562 1 0 0 5 7 911.762741291205 649.075889427465 1976 0 98092 1468.71120852683 29149.7933804072 5.39793896731394
"290" 562200.54803012 3 1.5 1898.73290502187 5248.41806177622 1 0 0 4 7 1501.27008452114 398.260260417746 1943 0 98117 1809.4444977409 5249.85171653478 5.74989126461959
"291" 294001.023067891 4 2.5 2040.13553226061 7800.37099591789 2 0 0 3 7 2040.72054133651 0.064469786949186 2003 0 98168 1860.33323762221 10954.684579518 5.46834884167735
"292" 538999.828878423 5 2.25 2592.06896123109 7245.70584386128 1 0 0 3 8 1509.60014230571 1080.05120148491 1973 0 98008 1929.88020898548 7246.52783454003 5.73158862730702
"293" 259999.768461345 4 2.5 2000.66853118159 37044.3426973012 2 0 0 3 8 1997.25060527301 0 1989 0 98042 2389.33211616032 36868.4263572328 5.41497296121695
"294" 406500.640254869 2 1 870.371011688141 5748.8896711075 1 0 0 4 7 869.564005405358 0 1947 0 98116 1100.17908886312 5750.5659444197 5.60906123396191
"295" 450000.632994043 3 2.75 2239.06718787912 3359.61456670256 2 0 0 3 8 2101.04998579664 140.435739135251 2014 0 98178 1790.56233993428 5873.12139748161 5.65321312467674
"296" 216500.469863974 2 1 1056.82163633927 5200.2279222298 1 0 0 3 6 1060.24793230738 0 1969 0 98042 910.993162587839 5198.22133721171 5.33545884322569
"297" 527998.982162025 3 2.75 2158.62542155275 4086.83189350708 1 0 0 3 7 1380.80212190508 778.46829162834 1987 0 98126 1301.78563646101 4079.91687364408 5.72263308533335
"298" 620001.564811734 3 1.75 1670.14490367104 9898.56286252954 1 0 0 4 8 1670.8061548003 0 1957 0 98005 2408.21183328325 8798.89215357053 5.79239278560832
"299" 747000.213556399 2 1 990.003725805584 4000.72364968222 1 0 0 4 7 990.320133525434 0 1911 0 98103 1560.76981894359 4001.07454770168 5.87332072597384
"300" 455949.428840217 4 2.5 2718.90034108791 5772.74642829401 2 0 0 3 8 2718.71491253691 0.973580195343442 2015 0 98056 1940.56122586687 4182.26647970845 5.65891667601184
"301" 375000.51231665 2 1 819.806224140329 6249.50086715513 1 0 0 4 5 820.317001229984 0 1922 0 98136 1299.66469374719 6250.02946104826 5.57403186105076
"302" 270500.178050837 3 1.5 1952.10975509738 8613.87074361948 1 0 0 4 7 1652.28691030073 301.706387488678 1960 0 98032 1400.58692669422 8713.052505646 5.43216755530754
"303" 185000.099712435 4 1 1379.7958323161 6698.01817628086 1 0 0 3 7 1191.92498500057 191.270041950027 1928 0 98168 1378.65155859362 8291.53042380851 5.26717196248166
"304" 494999.813059424 2 2.25 1460.10483892577 1622.22544356335 2 0 0 3 8 1259.29287686432 201.054696051277 2005 0 98115 1460.46790661134 1134.78156839082 5.69460503491887
"305" 305000.519863932 4 2.5 2430.33882129194 9103.0666423464 2 0 0 3 8 2428.90945260156 0 1990 0 98023 2261.70222906532 8091.13407384407 5.4843005795889
"306" 359000.200803703 4 2.5 2574.01526095724 4724.46371967549 2 0 0 3 8 2574.23773120079 0.264498948151471 2011 0 98001 2576.78940254665 5323.49491970755 5.5550946914973
"307" 1195000.18623508 5 3 3420.20443235769 18131.4813043993 2 0 0 3 9 2538.77154986926 879.738956582489 1952 2005 98040 3749.14548236501 16315.8775219538 6.07736797296688
"308" 772499.205731817 5 2.75 3888.82050214519 9128.59184418011 2 0 0 3 9 3888.35399540567 0 2004 0 98065 3450.10291343752 8359.88288491084 5.88789804156423
"309" 620000.438064374 3 2.25 2188.5834968785 45736.5938815451 1 0 0 3 8 2189.80151596797 0.41812774826045 1990 0 98052 2969.91392743956 4496.25336621745 5.79239199635128
"310" 350000.800067687 3 2.5 1730.14305757643 4085.95962756473 2 0 0 3 8 1730.03150115494 0.115015400041865 2013 0 98146 2031.10234800182 4087.10858694298 5.54406903710623
"311" 629998.767570674 5 2 1900.24750966837 4998.83283980442 1 0 2 3 8 1719.17662196348 179.816481424739 1957 0 98107 1770.80955759645 5000.76371721174 5.7993396998698
"312" 746998.961225677 3 1.5 1708.53325206247 5120.80820791417 2 0 0 4 7 1710.72113654203 0 1920 0 98115 1530.24390052483 5169.84042483474 5.87331999788733
"313" 210490.232525153 3 1 990.7149693489 8529.20649995758 1 0 0 3 6 989.016261530988 0.884572470222025 1966 0 98023 1227.80177903236 8840.2613211558 5.32323194787312
"314" 1349998.55023946 5 3.5 4798.86055487789 14984.1522743576 2 0 2 3 11 3480.28325353743 1319.67628811551 1998 0 98006 4050.84117172893 19008.7802084887 6.13033330210735
"315" 474998.993155329 2 2.25 1060.85044102959 924.426513573902 2 0 0 3 8 980.142662866629 80.8160820304849 2006 0 98199 1019.71467413342 4000.02245612461 5.67669268906161
"316" 299001.170480984 3 1 1390.32673724602 9623.84117174262 1.5 0 0 4 7 1388.06413747702 1.90826806012695 1954 0 98155 1440.93259045599 9622.30814472607 5.47567288843292
"317" 291701.768828793 3 2.5 1969.8560548475 4120.3795241596 1.5 0 0 3 6 1228.90431698852 739.919416456666 1927 0 98106 1469.69992134551 4077.17854916608 5.46493906261592
"318" 222001.221447296 2 2 1360.65785739573 3300.75328842032 2 0 0 3 6 1360.62446061195 0.018495197217831 2004 0 98038 1310.96022010444 3300.53188457658 5.34635536393875
"319" 724998.73271472 3 1.75 1878.94324135619 13303.2509499876 1 0 0 3 7 1380.16136116913 500.54011156575 1967 0 98004 3551.16259533357 10882.579531058 5.86033724743239
"320" 460000.660986686 3 1 1670.54189092536 4001.68150489689 1.5 0 0 4 7 1170.40175984953 501.148795610094 1939 0 98117 1238.44159268335 4003.44693538669 5.66275845573084
"321" 599998.247235062 3 3.25 1689.8637269642 1474.58105141304 2 0 0 3 8 1381.68515961247 309.945998490956 2008 0 98109 1668.88656835206 2592.93559900587 5.77814998168822
"322" 1429998.48556047 3 2.75 2709.95298674089 9203.1806508256 1.5 0 4 3 9 1480.03891914799 1229.73140649182 1975 0 98177 2960.28191195945 10077.4028565766 6.15533557752585
"323" 552499.798543299 3 1 1431.21123578987 5001.52965950275 1 0 0 3 7 1427.07567281556 1.06593835569565 1949 0 98117 1210.19815652843 4999.77034651686 5.7423321240014
"324" 279998.95658301 3 1 1200.86293217449 6251.0732862581 1 0 0 3 6 919.71199366356 279.312481978753 1943 0 98168 1280.72630737889 9375.65518968676 5.44715641294549
"325" 898999.963240657 4 2.5 3538.99388729825 9349.21115204994 2 0 0 3 10 3540.36714929972 1.23940786501849 2003 0 98052 3280.91484135302 7545.08824947301 5.9537596739753
"326" 641248.2079678 3 2.5 2221.18681769378 2549.52057201236 3 0 2 3 10 2220.10265181062 1.10408465183 1990 0 98117 2198.89133038801 5609.80050336898 5.80702616444224
"327" 225001.023752724 4 2.5 1699.72272254959 6029.65293005629 2 0 0 3 8 1700.95369609796 0.526035526977395 1994 0 98030 1930.38934349488 6036.59904127252 5.35218449415202
"328" 924998.690464403 4 2.5 3538.21431727799 18167.3725535056 2 0 0 3 10 3539.92885600965 0.39147175876056 1996 0 98006 4129.63777229166 11180.579965725 5.96614111790175
"329" 454279.402210564 3 2.5 1471.3617236589 1740.92912344706 2 0 0 3 8 1168.84858869139 301.152123864264 2004 0 98029 1470.44381768025 1584.39880221804 5.65732304562138
"330" 248499.631181107 2 1 721.699176104461 5160.82552191131 1 0 0 3 6 719.923364110934 0 1949 0 98106 989.748502432213 5157.76390396712 5.3953257484974
"331" 899999.349403337 4 2.75 3947.89301617589 10215.1838874562 1 0 3 3 10 2049.09856529909 1899.33847484607 1955 0 98117 3128.78011653468 8608.44832584582 5.95424219549417
"332" 255543.196370145 3 1 1357.96089498616 6185.71769070595 1.5 0 0 4 6 761.106923840857 600.588283667175 1941 0 98133 1610.37246435715 7452.02486211734 5.40746432270766
"333" 449999.484533478 4 2 2241.23960283082 7723.35896149325 1 0 0 5 7 1120.81834693572 1119.26375832576 1956 0 98106 1340.00109514036 6300.77291099837 5.65321201629891
"334" 449999.670581034 3 1 1349.21566434364 92721.9633940184 1 0 0 2 6 1201.6111374874 150.248804450424 1946 0 98055 1860.19610450169 8095.02303483076 5.65321219585336
"335" 546939.408003477 3 1 1470.1443182856 7680.22217410991 1 0 0 3 7 1221.73188480751 250.723694867994 1946 0 98106 1468.99981477749 6784.95906601961 5.73793921622866
"336" 289999.936120679 5 2.5 2779.60656668248 9652.5777679644 1 0 0 4 8 1391.57652193022 1388.80632002585 1967 0 98001 1790.98314259236 9651.4113992036 5.46239790223537
"337" 1014998.91280522 3 2.5 2918.89952395581 34528.9428231407 1 0 4 4 9 1799.49341417937 1120.56142807578 1954 1983 98116 2477.90948404142 7932.52525328533 6.00646557706406
"338" 147499.968878675 3 1 1530.35723960164 8499.40376344487 1 0 0 3 7 1528.431743016 0 1959 0 98031 1378.47516092397 8500.22322311692 5.1687919286815
"339" 289999.733909163 4 2.5 1848.58736919425 5673.06104205904 2 0 0 3 7 1850.05222598961 0 1993 0 98042 1750.88583294587 6874.44541110153 5.46239759940987
"340" 520997.961371935 3 1.75 1730.4517451723 18250.3246276526 1 0 0 3 8 1730.14232089465 0 1988 0 98011 2181.87187497502 10028.2825745648 5.71683602393935
"341" 525001.496645243 3 2.25 1288.85815311897 1182.04198692555 2 0 0 3 8 998.571675475006 288.506864624104 2006 0 98102 1299.13886779559 1170.39458990222 5.72016054147042
"342" 169999.158514749 3 1 1250.30122549042 7014.05541601321 1 0 0 3 7 1248.73557178726 0 1958 0 98188 1508.89675305693 11461.4057828109 5.23044677165295
"343" 520000.157564279 5 1.75 2037.86260130152 5280.71615563671 1 0 0 4 7 1020.48012984278 1019.60196929872 1961 0 98007 1719.48504070789 7342.38911567655 5.71600347522958
"344" 460000.123101634 3 2.25 1528.69355372639 1841.49101308874 2 0 0 3 8 1240.0804244715 290.474227150015 2008 0 98144 1801.4968052487 3431.96226217439 5.66275794790408
"345" 491498.7981493 4 2.75 2100.03935337745 7235.23211515445 1 0 0 3 8 1399.97196481412 699.92533069119 1979 0 98034 1898.77663736579 7520.39167481598 5.69152246019915
"346" 360000.278038378 4 2.5 2570.91275748885 4556.55815066274 2 0 0 3 7 2570.81111594207 0 2009 0 98042 2199.78802314376 4499.91747479722 5.55630283618531
"347" 600000.534458971 4 2.25 1970.43167670382 7125.97475172982 1.5 0 0 3 7 1500.57442531694 469.639500270474 1908 0 98115 1978.610013557 4751.25608619678 5.77815163723777
"348" 199001.039305054 3 2.5 1750.24697351314 6721.9888548668 1 0 0 3 7 1331.46779640645 418.643316741539 1993 0 98038 1671.38813198136 7743.27842270056 5.29885534456685
"349" 168002.939598233 2 2.5 1160.68101484246 2174.82886070941 2 0 0 3 7 1159.52601081003 0 1998 0 98106 1380.28547777936 1919.63280537886 5.22531688077421
"350" 394999.788266999 4 2.5 2908.86749351562 4999.91938877946 2 0 0 3 8 2910.24602112255 0 2002 0 98042 2739.65230619943 5044.66329283395 5.59659686283026
"351" 674000.16162297 3 2.5 1921.85630268483 3624.4056013326 2 0 0 3 9 1921.18373651591 3.1538809106343 2003 0 98052 1930.75967489195 3534.38354504292 5.82866000067769
"352" 398499.674452817 3 2.5 1629.10474864078 1971.84462071994 2 0 0 3 8 1629.35210407075 1.38263315867092 1996 0 98177 1630.52732450238 3451.35907641234 5.60042797094316
"353" 276000.348082745 3 2 1369.14034401971 8137.71796807113 1 0 0 4 7 1368.32785667681 0.45098462994711 1988 0 98003 1659.99014680961 8840.1884852401 5.44090962978377
"354" 193001.382103039 3 1.5 1180.95673296097 9048.47734039586 1 0 0 3 7 1180.27796085949 0 1960 0 98148 1461.02961669521 8942.18900547465 5.28556041904702
"355" 265000.989449714 3 1 959.220261706532 9747.16004477704 1 0 0 3 5 958.59374078723 0.864765518522295 1922 0 98065 1600.79607369801 9958.26116434504 5.42324749549058
"356" 234949.460196623 2 2.5 1721.05203076956 3132.09958104552 2 0 0 3 8 1719.83026528367 0 1999 0 98042 1739.83019227628 4221.02885741426 5.37097445155562
"357" 1180500.70477997 3 1.75 1610.3079951547 7201.00953967086 1 0 0 3 8 1089.45182988652 519.499093079421 1973 0 98112 3788.29295936387 7199.32514037807 6.07206625069637
"358" 432999.10868653 3 2 1920.23724557011 7198.14156788436 1 0 0 3 7 1299.92592911264 619.984279480039 1984 0 98028 2009.91077129552 7201.49109271044 5.63648700237434
"359" 273999.223075108 3 1.5 1449.80799970953 4693.74011692259 2 0 0 3 7 1448.68822243389 0 2011 0 98038 1868.96956764986 4197.64332580949 5.43774933137998
"360" 825749.879169325 4 3.5 2949.80040421206 3738.88561325416 2 0 0 3 10 2270.17782603572 678.95479232591 2012 0 98027 2579.96548354984 3580.76233010692 5.91684851881383
"361" 567000.20350882 5 2.25 2099.87539261176 6936.90063981158 1 0 0 3 8 1599.82922356768 499.621734284683 1974 0 98033 2099.31401774851 8661.23844256949 5.75358321477076
"362" 276898.933751348 2 1 1349.79981307201 10095.9425191993 1 0 2 4 7 1350.69597856256 0 1952 0 98045 1278.91880214271 10094.9831685138 5.44232128342056
"363" 208998.938962951 3 1 920.658205643989 5200.42272978159 1 0 0 4 6 920.985720007396 0 1969 0 98042 920.818045920348 4874.23290204266 5.32014408130864
"364" 325000.444818172 2 1 798.554601909659 7260.07592155311 1 0 0 3 7 800.836518622246 0.823743363240602 1953 0 98126 1010.18501595384 7439.72049644996 5.51188395538486
"365" 440000.088443723 4 2.25 2081.34503770093 15749.6138473612 1 0 0 3 8 1460.69365604982 618.909640001619 1976 0 98034 1959.99934535159 10501.645899481 5.64345276378304
"366" 197999.646221378 2 1 788.004927069845 14200.6067476174 1 0 0 3 7 791.37363542028 0.894497946958453 1951 0 98188 1432.78441927223 10000.7439637141 5.29666441428052
"367" 549001.237387481 3 1.75 2000.32949271915 6131.54609120853 1 0 0 4 8 1119.42779570669 879.84324207568 1951 0 98117 2140.09377512029 7148.98180748646 5.73957332330246
"368" 368500.715267056 5 1.75 2811.02142130991 9359.45446006067 1 0 0 4 7 1519.71662184107 1290.27032121669 1965 0 98055 1767.16087494873 9360.18515826093 5.56643833516993
"369" 584999.82939131 4 2.5 2820.86336215329 5613.15429483688 2 0 0 3 9 2819.76776307112 0.523563298820475 2007 0 98028 1618.6940822518 14882.2745529161 5.76715573942505
"370" 616500.069136213 3 2 2078.0624416024 4550.26297775517 1 0 0 5 7 1038.86510809607 1040.18750831092 1954 0 98115 1619.57517826328 4549.94093484777 5.78993312963487
"371" 435999.907361123 3 2.25 1480.78389212995 1384.21746041466 3 0 0 3 8 1481.59664825086 0.102604388641674 2008 0 98103 1310.70943012507 1328.57785853408 5.63948639699208
"372" 574999.902568863 3 2.5 2270.66017492067 9598.76149977409 2 0 0 3 9 2270.45077498762 0 1990 0 98011 2579.3170017245 9616.51219570482 5.7596677711004
"373" 524502.27513404 3 1.5 1578.74734780482 3172.69818500393 1 0 0 4 8 902.886085500686 680.562644480116 1946 0 98117 1579.25774461027 5000.7489881352 5.71974737637327
"374" 919999.742423322 4 3.25 2420.58298020952 4000.11684220451 1.5 0 0 5 9 1870.73705083299 549.725816424933 1911 0 98105 1809.57719566065 4000.63930411239 5.96378770575409
"375" 442001.15952299 5 3 2560.29534822174 5443.58691933271 1.5 0 0 4 7 1757.94791444811 800.252142516635 1927 0 98108 1079.12683593478 5445.2900797802 5.64542340865628
"376" 386500.447250104 2 1.5 1277.73270269633 11068.9801240544 1 0 0 3 7 848.378359565239 432.124513601531 1984 0 98074 1280.4153826563 10879.2977012906 5.58715000081098
"377" 400001.258503233 3 1.5 1890.02028293944 6182.05086293163 1 0 0 3 7 1088.08515359089 799.902270826524 1967 0 98118 1752.83263004772 6182.9277329113 5.60206135772834
"378" 345000.471367567 3 1 1391.08726928691 2638.80090852661 1.5 0 0 3 7 1228.32179210778 159.649944500644 1903 0 98122 1780.52686510948 3920.0640548511 5.53781968844195
"379" 380999.711932397 3 2 1681.12479324222 8947.03013680061 1 0 0 3 6 939.794188222647 739.749540305097 1996 0 98053 1550.4037111883 11625.9645198822 5.58092464731284
"380" 803001.268514336 2 1 1440.00756845234 33746.0813017522 1.5 0 0 3 7 1440.76052593977 0 1928 0 98034 1981.92031942334 8399.1699756315 5.90471623134137
"381" 779999.728143732 4 2.5 3019.00791837975 15163.1216215141 1 0 0 4 8 1729.21397257676 1290.08498754649 1976 0 98004 2599.68143463415 11556.6225906164 5.8920944513242
"382" 442900.523419572 4 1.75 1778.85917549292 2787.89987606449 1 0 0 4 6 889.592808791991 889.629236996372 1943 0 98199 1757.87559671189 5665.01544145943 5.64630619353402
"383" 378998.674616999 4 1.5 1279.49058000361 5458.84918081712 1.5 0 0 5 7 1080.04452622337 200.07392988149 1920 0 98118 1469.19365834579 5934.6240616389 5.57863769121469
"384" 592499.214373126 4 3 2167.25007271945 8241.3362686542 1 0 0 4 8 1371.76116345694 800.510759396496 1968 0 98052 2020.83040309808 7943.68711334875 5.77268777882789
"385" 645500.264619307 4 2.5 2989.70735541004 8621.95562774245 2 0 0 3 9 2988.54644760244 0 2000 0 98065 2979.71368430517 8621.05866235955 5.80989642463913
"386" 559948.590892683 5 3 2730.09849804122 9520.11013819906 1 0 0 3 8 1669.40026380508 1059.8034554104 2014 0 98155 1150.14622140896 9518.86133931297 5.74814815608387
"387" 771149.726913636 4 3.5 3950.85696229852 12320.4691675177 2 0 0 3 10 3949.96069748782 0.192166421543753 2001 0 98065 3921.00339815301 11084.9346567129 5.88713870912654
"388" 520999.236456586 4 2.25 1889.26522669493 8033.35061369825 1 0 0 4 8 1889.9967812617 0 1967 0 98008 1921.20730063273 7211.13237349326 5.71683708682556
"389" 526001.33622933 3 2.25 2001.11649733253 18098.9269807725 1 0 0 4 8 1249.9850802776 748.23277052314 1978 0 98006 2060.19243666751 12002.1288495528 5.72098684741664
"390" 1225000.44705228 3 2.5 2858.40386935755 4502.36200606612 2 0 2 3 8 1980.32454798532 877.461537168338 1915 0 98119 2308.29482066584 4499.63911454664 6.08813624719223
"391" 244000.384333348 2 1 959.472494764621 8451.0816390083 1 0 0 5 6 960.41859438771 1.16461563478633 1950 0 98155 1089.12307435418 8450.88757162349 5.38739051041136
"392" 212000.553545934 4 1.75 1250.18264533504 12704.8079964367 1 0 0 4 7 1249.54337880416 0.429468702761834 1971 0 98023 1390.88931197944 8550.59369777179 5.32633699489871
"393" 732000.041096096 3 2.5 1959.13143389862 3058.58451285501 2 0 0 3 8 1960.60217979031 0.203588406667544 2010 0 98117 1220.94766938414 3060.33882668122 5.86451110544064
"394" 1905000.83830401 4 3.5 4207.76390811036 18563.7917989527 2 0 0 3 11 4211.71305436933 0 2001 0 98039 3520.17500456163 18565.7797126963 6.27989517112488
"395" 426998.472756551 4 1 1859.88583371075 4738.22344223415 1.5 0 0 1 7 1860.36012617885 0.0251225847948609 1901 0 98112 1799.09818889888 3999.37396833347 5.63042632168875
"396" 300499.300344253 2 1.5 1189.29321238632 801.355561707921 3 0 0 3 8 1191.36159637357 0 2010 0 98106 1188.53189294268 808.185329082393 5.47784346516743
"397" 339947.810454706 3 2.25 1629.41076648714 12295.2491311276 2 0 0 4 7 1630.95442164748 0.708960321230616 1985 0 98058 1731.23710796672 9947.82416403666 5.53141224830318
"398" 259998.937377207 4 2.25 2159.42871940846 8811.08450104551 1 0 0 3 8 1362.60675629299 799.628120205722 1978 0 98023 2089.91376306477 8400.1183453977 5.41497157300098
"399" 690000.096583587 5 3.25 3368.92951210237 7312.65193122191 2 0 0 4 8 2141.86785604788 1229.27988823352 1988 0 98029 2990.60400416783 7806.17841639262 5.83884915152815
"400" 730000.432229382 3 3.5 2438.49156556664 3503.76928179403 2 0 0 3 7 1969.9505612378 470.21725672756 2000 0 98005 2438.94036843184 3416.47149878193 5.86332311726399
"401" 1589998.48462395 4 2.25 3239.54333696962 11131.9732955354 1 0 0 4 9 2080.07613570888 1160.18320016212 1953 0 98004 2300.93306196816 12148.8331097204 6.20139671040865
"402" 311999.590414374 2 1.75 1158.63580497804 8622.715177431 1 0 0 4 6 1158.58266021871 0.174426189914616 1941 0 98106 959.880368533688 5749.04874274479 5.49415402388737
"403" 2574999.38161188 4 3.5 3280.34428076355 3799.02764946295 2 0 0 3 11 2880.73566754434 400.212305596852 2011 0 98112 2049.28170466331 3799.74585817079 6.41077712908106
"404" 444999.094422376 3 3 1970.14047128899 24317.5948888529 1 0 0 3 8 1970.88004616701 0 2010 0 98028 2150.96734557865 14694.540781032 5.6483591271882
"405" 309949.110626795 3 2.5 1878.92362217012 7837.67457346399 2 0 0 3 7 1880.55002537852 1.34672437981538 1994 0 98055 1808.54453113954 7913.96987857474 5.49129039451747
"406" 775001.984162089 3 3.5 2688.55835934687 104543.59762053 2 0 0 3 8 2691.01262982443 0 1948 1990 98072 2300.02419283744 81698.3877817852 5.88930281438959
"407" 670000.094082846 4 1.75 1931.69300051883 9311.03141933775 1 0 0 4 9 1928.35538237966 0.854313748878229 1968 0 98008 2109.36812462138 10289.3863596854 5.82607486368539
"408" 557000.170349827 3 2.5 2281.05305128571 18238.8774116923 1 0 0 3 9 958.614815642583 1319.80176306056 1995 0 98011 3100.98743143516 12466.2314539765 5.74585532799595
"409" 499998.416128485 3 2.75 3409.31730505788 9360.71165422134 1.5 0 0 4 8 3408.13428325569 1.51827344166207 1967 0 98058 2259.87102885406 10129.0655780107 5.69896862860052
"410" 725000.50963084 3 2.5 2979.09072601303 16995.5078493267 2 0 0 3 10 2980.0779136317 0 1992 0 98075 2980.2633644908 15436.6657893531 5.86033831185345
"411" 554000.148022495 3 1.75 1759.25152520724 10778.2077314285 1 0 0 3 8 1758.71355539544 0 1977 0 98005 2089.59096304974 10778.991612749 5.74350988076696
"412" 429999.763442399 2 1 949.89755736879 6425.10498808324 1 0 0 3 7 949.870101106817 0 1949 0 98126 1359.57939334993 2548.77153008894 5.63346821665938
"413" 449999.724767994 2 3 1790.19193637958 1708.01060242253 2 0 0 3 7 1398.98141228176 390.129128170426 2001 0 98144 1459.7714407065 1462.56555266223 5.65321224814917
"414" 321499.669634099 1 1 731.602524323377 1943.52872098043 1 0 0 3 7 730.035091819474 0 2008 0 98144 1019.9698879607 2183.12814668708 5.50718053098913
"415" 484997.736964229 3 2.5 3339.66974949497 70129.9754699889 2 0 0 3 9 2420.26036805517 920.668157768585 1994 0 98022 2760.18079760339 116741.154653273 5.68573971215641
"416" 309998.42660249 3 1.75 1140.87260419899 8262.16649878505 1 0 0 5 7 1137.73574602284 0 1950 0 98155 1139.47088001918 6770.36454407253 5.49135948957753
"417" 799002.218552132 4 3.25 3120.04849164254 4998.54410893112 2 0 0 3 9 2369.00679512451 748.88775572762 2005 0 98115 2519.92656067617 6001.43451454346 5.90254798520086
"418" 809999.634969992 4 1.75 2001.61088458067 3989.25490883917 1 0 4 4 7 998.769927244443 1000.0437858266 1958 0 98116 1688.59950228524 4142.75704606477 5.90848482316192
"419" 261500.430574003 3 1 1410.3598753334 8175.56184993214 1 0 0 3 8 1411.15220265801 0.213286206642164 1958 0 98056 1500.36314891869 8058.44773989514 5.41747240829224
"420" 247001.055779617 5 2 1588.2161227187 9349.88410848313 1 0 0 5 7 1059.36706055705 528.682495204502 1962 0 98001 1458.24630773979 8210.16307267411 5.39269880960898
"421" 294999.863276108 2 2.5 1630.87610136116 1367.4257077069 2 0 0 3 7 1280.24054641628 349.397719707342 2009 0 98106 1589.19061194904 2307.09492270356 5.4698218146953
"422" 1388000.26468675 5 1.75 2650.02053676866 11340.6983925196 1 0 0 3 8 2648.67670514191 0 1955 0 98004 2778.5049426996 13204.5602903936 6.14238954893727
"423" 574998.69924824 4 1.75 2020.31169633106 6199.05600768636 1 0 0 4 6 1010.44854897733 1008.80922534696 1948 0 98133 1441.76837579012 4159.49157031797 5.75966686223754
"424" 890001.35825762 3 2.25 2061.04409570562 8640.7034571626 1 0 0 4 8 2059.23414810191 0 1966 0 98033 2028.9278712608 9000.53793434323 5.94939066943518
"425" 495000.925120506 3 3 1520.04039578337 4080.47522353036 2 0 0 5 7 1520.04274357813 0.528216380954317 1948 0 98144 1321.60751169758 4079.33614862359 5.69460601059893
"426" 519999.933290321 3 1.75 1539.68442532626 7555.74293908067 1 0 0 3 8 1538.52727151147 0 1964 0 98052 1539.61134775341 7863.53499901623 5.71600328792009
"427" 244999.184224312 3 2.5 1719.73739611676 3405.21336225288 2 0 0 3 7 1719.35578850296 0.378246373909354 1992 0 98031 1720.18273014134 3406.94158397712 5.38916463829323
"428" 414997.784077528 6 1 1370.55753222088 5079.0866384618 1.5 0 0 3 6 1120.12444576784 249.596688484158 1931 0 98106 1021.82010870607 5080.69665903666 5.61804577775915
"429" 385000.262327341 3 1.5 1487.64165852255 9631.25875934571 1 0 0 4 8 1489.55447527541 0 1959 0 98028 1960.66258453573 10468.4702644935 5.58546102542351
"430" 902000.056778447 3 2.75 3240.3761863585 7201.06579138091 1 0 2 3 8 1620.66054068191 1619.44844680975 1960 0 98118 2699.92702381187 7201.01188790265 5.9552065648796
"431" 289949.23546022 3 2.5 2068.61596619571 6146.69005238393 2 0 0 3 7 2070.14753922251 0 2003 0 98092 2069.956076459 5298.3478300239 5.4623219679356
"432" 234999.979752033 3 1.75 1201.90768434837 9265.8052655936 1 0 0 4 7 1199.21002733987 2.01600606225779 1960 0 98002 1201.06266662157 9265.87294769586 5.37106782485224
"433" 549999.39314851 2 1 979.584600084011 3078.60296785374 1.5 0 0 3 7 980.31445652083 2.50547306768669 1910 1946 98103 1448.88380285219 3332.68850430875 5.74036221030806
"434" 525000.446418247 4 2.75 2469.28579829692 7197.86487487341 1 0 0 5 7 1350.1733460223 1120.0530162739 1940 0 98108 1501.44073827171 5999.34216570604 5.72015967269529
"435" 255951.519384315 3 2.5 1720.59070214395 3675.99547285113 2 0 0 3 7 1720.08381454133 0 1992 0 98031 1719.48879290674 3509.34214109233 5.40815771196114
"436" 555001.173514129 3 1.75 1570.6924459126 15500.7156895593 1 0 0 4 7 1570.86752837075 0 1968 0 98052 1609.7253650787 7499.82678695483 5.74429390141127
"437" 425001.08721205 4 2.25 1240.49242049407 21189.6924856809 1 0 0 3 8 908.378424718833 330.741296341669 1974 0 98056 1758.46759042767 8200.41939567823 5.62839004103758
"438" 704999.960689116 3 3 1968.19390200062 20977.6060540224 2 1 3 4 9 1769.98721733529 200.12120075855 1980 0 98070 2280.49771686489 75394.3646855344 5.84818909277509
"439" 270001.556860799 3 2.25 2080.94241029933 4251.01737284707 1.5 0 0 3 7 1548.0282861752 529.686057194335 2003 0 98042 2078.20120075106 2273.74723023424 5.43136626835937
"440" 1250000.35370153 4 2.5 3698.7042434766 21755.9182066311 1 0 4 3 11 2620.82860763584 1078.62960798303 1988 0 98006 3479.07950579328 13784.4752348557 6.09691013589654
"441" 645000.008431426 3 2 2128.99318153262 3998.99199675878 2 0 0 3 7 2129.038831635 0.0745794894864387 1908 0 98115 2009.27028553667 4001.26180100882 5.80955972031236
"442" 753998.88222947 5 1.75 2349.76209564553 7802.06640436427 1 0 0 4 8 1509.77898924855 841.492690648306 1968 0 98008 2220.1410058763 8399.47442137217 5.87737070204758
"443" 450000.202405985 3 3.5 1787.72884353331 1288.99541059659 3 0 0 3 8 1388.63149058217 401.143527553717 2000 0 98199 1560.83810306027 1425.31167035463 5.65321270911708
"444" 292500.635441068 3 2.25 1390.72654711922 6005.24345442173 2 0 0 3 8 1391.74752904453 0.830765717856675 1993 0 98038 1629.97598032368 6398.05567246379 5.46612681389939
"445" 294999.687731054 4 2.5 1679.67489555918 7208.51344382313 2 0 0 3 7 1677.18505923254 0.872733354624528 2011 0 98023 2238.36049229646 7210.67121214261 5.46982155626036
"446" 590000.067136944 4 2.5 2340.59304256153 8969.44397958942 2 0 0 3 9 2339.54811214523 0 1987 0 98029 2509.91426892414 9218.82007400768 5.77085206106113
"447" 875000.891379729 4 1 1669.00496069419 4600.36519017442 1.5 0 0 5 8 1669.38860424667 2.02556891777141 1906 0 98103 1820.06398690451 4598.49932256875 5.94200849544643
"448" 768999.759364526 4 2.75 3630.29967273822 15404.7645660315 1 0 2 4 8 1848.69315823619 1778.3504646777 1968 0 98040 3380.11412600498 11185.4350499401 5.88592620390198
"449" 150999.354421569 2 0.75 718.927095506624 5039.54801553012 1 0 0 3 4 722.053024923224 0 1949 0 98106 1289.55564042694 4120.21898644295 5.17897509052662
"450" 349999.78268805 4 2.5 2506.08661142323 7205.93272124902 2 0 0 3 8 2505.57957255795 1.7898439335095 2007 0 98023 2440.50458813149 7219.23929477468 5.54406777470053
"451" 849999.466562362 2 2.5 3361.38431102275 6749.8815389022 2 0 0 3 9 3359.86822061716 0 2004 0 98053 2511.16872531839 6750.10205427291 5.92941865316242
"452" 447000.725026131 2 1 760.176758956005 6035.6237598853 1 0 0 3 6 758.979961434032 0 1920 0 98136 2109.94306961243 6044.8342853646 5.65030822754937
"453" 368888.864933061 3 1.5 1489.68920774917 12186.186932253 1 0 0 4 7 1490.48157351352 0 1950 0 98155 1181.24602049129 14283.4732248309 5.56689554606141
"454" 762000.440719759 5 2 3369.74327086026 5000.67295064969 1.5 0 0 4 7 2139.06374920342 1230.12552903858 1907 0 98109 1919.25722546243 3200.76706810424 5.88195522252346
"455" 249998.789688171 3 1 1661.44425242804 7649.91681777336 1.5 0 0 3 7 1349.33199811882 309.309057925084 1910 0 98118 1749.62539696049 5759.86817184942 5.39793790613995
"456" 294999.650204717 2 1 651.353576353292 5399.62718840831 1 0 0 3 6 651.290820463313 1.39915733350397 1950 0 98122 1311.90189845277 4907.18115775275 5.4698215010146
"457" 269998.471976335 1 1 718.817274288354 5193.37390116708 1 0 0 3 7 719.380899839364 0 1911 0 98103 1579.36808892539 5761.79580873071 5.4313613063289
"458" 399999.146657408 4 2.5 2350.36858008412 3904.21151159067 2.5 0 0 3 7 2350.8473692776 0 1999 0 98106 1120.23018493164 4000.57309749299 5.60205906482203
"459" 278500.939649419 3 1.75 1389.48510756148 8977.90547562086 1 0 0 4 8 1389.71499945873 1.83027198530896 1985 0 98022 1770.82921518184 9083.71699661316 5.44482666480192
"460" 387000.597065889 3 2.25 1445.7138392368 1607.04529462339 2 0 0 3 7 1300.38420408343 145.287321787722 2003 0 98027 1408.65121386382 1285.03320292565 5.58771163505049
"461" 279999.891125502 3 2.5 1270.58091751702 9675.44181108535 2 0 0 3 8 1270.44784058619 0.204547471510879 1993 0 98045 1270.45428291433 11699.0568853074 5.44715786247221
"462" 539950.113664936 3 1.75 1820.37457053777 9873.85130153239 1 0 0 4 8 1819.66132687305 0 1966 0 98008 2672.35398149014 10000.5885310266 5.73235363693251
"463" 314998.976879864 1 1 699.613839414153 3875.95762008907 1 0 0 3 6 699.214295577042 0 1910 0 98103 1149.80424845831 3951.77422331765 5.49830914319864
"464" 329998.802584846 3 1.75 1320.98840811858 9675.36137349925 1.5 0 0 4 7 1320.93035613674 1.16204066261337 1970 0 98024 1159.89549894597 9675.08535650855 5.51851236402414
"465" 364999.959942888 4 2.5 2800.67088628105 6820.87674485362 2 0 0 4 7 2800.36430300673 0 1997 0 98042 2059.89763853578 6821.13772317621 5.5622928167946
"466" 609999.225690483 4 2.5 2408.99752484204 15898.0156940135 2 0 3 3 9 2409.28696936774 0.811531541058283 1990 0 98074 2359.97483326659 11412.5391429743 5.78532928373443
"467" 260999.080003785 4 1.5 2040.66528758214 10487.4535523759 1 0 0 3 7 1191.24782937702 849.093843153865 1961 0 98188 1960.46923812833 10485.9616674016 5.41663897649543
"468" 749999.423156659 4 2.75 3209.1107579495 8520.89120484339 1 0 2 4 7 1809.66229208484 1398.36566172486 1976 0 98177 2449.47894982596 7360.91363637186 5.87506092936507
"469" 547499.612366698 3 3.5 1650.00601877164 2261.45241513449 3 0 0 3 8 1650.71320354332 0 2010 0 98103 1619.40458482203 3167.61987479051 5.73838381602893
"470" 228949.450021588 3 1.75 1197.9144432804 9085.6631859806 1 0 0 4 7 1199.73682531588 0 1968 0 98023 1198.16251137288 9085.4111662177 5.35973960461027
"471" 679999.361723696 3 1.75 1091.13928182968 6774.65592632867 1 0 0 4 7 850.679141500894 239.547665828496 1950 0 98115 1578.8526670004 5759.67330911562 5.83250850505917
"472" 1274999.71656498 6 5.25 6157.80851086463 27490.5931342878 2 0 0 3 11 4039.55502361176 2120.1086562255 2007 0 98074 4224.22408142394 9101.34103188408 6.10551008822544
"473" 445001.579318393 3 2.25 1989.93261822076 7340.05121952669 2 0 0 3 8 1989.86662127508 0.379500893882029 1984 0 98072 2178.83953922028 11224.103693446 5.64836155230238
"474" 302301.153692236 5 2.75 3130.57097638693 9450.89403639688 1 0 0 4 8 1581.94727199975 1550.51290556725 1973 0 98023 1899.73895804613 9001.10926537243 5.48043980460824
"475" 515001.079846742 3 2.5 3428.9166113813 48993.4730735673 2 0 0 3 9 3432.16619687889 0.808256645511633 2001 0 98001 2459.58437188591 36256.2387177607 5.71180813966447
"476" 929999.002939345 3 3.25 2639.14333068172 4080.11440221695 2 0 0 3 9 1840.47101790878 798.347118001684 1912 2000 98105 1990.52259422438 4079.28256798499 5.968482482943
"477" 488997.800449 3 1.75 2091.0115199179 7665.90748296472 1 0 2 3 7 1201.08196779616 888.854949735728 1952 0 98115 1479.68459768254 7665.29670442134 5.68930690563689
"478" 344998.365254063 2 1.5 830.016058729602 919.078063748987 2 0 0 3 7 829.012957149615 0 2005 0 98144 831.031476712862 1199.41788207164 5.53781703721002
"479" 501999.568904959 3 2.75 2010.40545842668 11200.0694267568 1 0 0 3 8 1361.09235089647 649.431517292431 1979 0 98028 2200.76316705862 10639.3635263472 5.70070334419227
"480" 256997.925602928 3 2.25 1729.87434415026 9516.51471302173 1 0 0 3 8 1179.97090341081 548.558460185597 1978 0 98030 1871.07905933981 8165.67714228755 5.40992961787278
"481" 545799.237983498 4 2.5 1979.29732908724 4499.92435487123 2 0 0 3 8 1979.54302520895 0.889998743161889 1989 0 98029 1768.3979031588 4596.11754855529 5.73703292499494
"482" 370949.006658871 3 2.5 2529.49121901172 9653.73138377722 2 0 0 3 7 2530.6526327493 0 2012 0 98042 2531.45932147188 6125.73464413125 5.56931421244852
"483" 1237500.69344018 4 3.25 5179.08616381983 49937.1354803664 2 0 0 4 10 5180.88750463808 2.40873123521844 1991 0 98053 4239.72771782239 35362.5480462934 6.09254545096493
"484" 464998.790920939 4 2.5 2199.44397210746 3140.76288455735 2 0 0 3 7 2059.3962484964 138.328572216963 1994 0 98144 1660.79243683239 3175.63310489226 5.66745182364899
"485" 739898.535876625 5 2.5 2981.09424295423 5374.63005383304 2 0 0 3 9 2981.07112842323 0.689388418000151 2006 0 98052 3151.65583795437 6592.42556108698 5.86917216793348
"486" 252998.449409814 3 1.5 879.030668980057 6600.46751548952 1 0 0 5 6 878.827873167793 0 1945 0 98178 1020.64185045304 6598.36388026587 5.40311785945714
"487" 427199.304816056 3 1 1029.5065941972 8400.1049840264 1 0 0 4 7 1029.31919727479 0 1963 0 98056 1270.97461230424 8400.22479529715 5.63063053729111
"488" 324949.444918442 2 1.5 1230.02917220201 1516.24841883155 3 0 0 3 8 1229.74001778884 0 2000 0 98125 1351.1212933274 1409.64473558894 5.51181579943799
"489" 517999.025680947 4 2.75 2438.28135294198 12050.891217074 1 0 0 5 8 1441.60602029449 1001.41933865866 1966 0 98133 2030.98293919179 8005.67368771995 5.7143289428692
"490" 319000.084714614 4 2.5 2020.06402856588 5099.84951218894 2 0 0 3 7 2020.14083510916 0 2010 0 98023 2301.79412819312 5684.36522347426 5.50379079838974
"491" 719949.226276418 3 2.25 2189.05352591213 2415.87869934557 3 0 0 3 8 2191.90302913422 0 2014 0 98117 1511.41432551659 3614.78642628342 5.8573018693125
"492" 213498.636424159 3 1.5 1148.81480604083 11571.274572971 1 0 0 3 7 1149.85144161347 0.14258426057354 1961 0 98168 1630.16791904968 11571.8473770744 5.32939510561231
"493" 249997.683093718 4 3 2250.74451511775 7880.42947426222 2 0 0 3 8 1569.08086364862 680.275384981347 1986 0 98198 1550.54613397597 7509.14961894374 5.39793598377493
"494" 385001.197705841 3 2 1590.67618836489 9911.70332025183 2 0 0 3 8 1590.56279900103 0 2000 0 98070 1670.06513554004 9914.19208553445 5.58546208056364
"495" 924998.806095408 3 2.75 3279.5432108747 10558.8226776908 1 0 2 4 9 2041.26529000833 1239.23529153192 1979 0 98006 3150.81354683813 9997.31929902239 5.96614117219145
"496" 424997.98206122 2 1 1270.79377012325 6000.19426129357 1 0 0 3 7 1269.43658957164 0.416178604743592 1939 0 98199 1770.08753314236 6000.25569946732 5.62838686797559
"497" 339947.640516988 3 2.5 1728.91402355581 4286.12270773833 2 0 0 3 7 1730.49293324214 0.48093161339594 1999 0 98148 1779.65301259004 4343.0928239883 5.53141203120212
"498" 474998.231715586 3 1.75 1719.16349750078 3825.69026955054 1.5 0 0 3 7 1718.47484984264 0 1925 0 98105 2000.68763119398 3824.23096524082 5.67669199287204
"499" 264998.651989965 3 2.5 1640.102164769 7665.84170363993 2 0 0 3 7 1638.69567311377 0.330855895273682 1991 0 98038 1851.28872642155 7199.25034696965 5.42324366474885
"500" 260001.237284066 2 1 567.842152178532 81893.2353105652 1 0 1 3 6 570.744518316094 0.0857625350691723 1936 0 98070 2039.57766799595 115433.981492043 5.41497541467991
