177387.354089852 957572.577964402
297034.571910251 1609559.71114589
364863.946521054 1979776.90389336
835554.965261003 4552469.8471046
334547.769328344 1816453.48641788
294019.693531796 1593147.91613335
122225.080557703 658873.628463974
198693.08048391 1077606.93159125
217016.99124172 1173169.51053722
238416.534577751 1293029.82198723
267596.664071852 1448447.31661539
240842.216896663 1304836.82574141
330653.268386129 1800088.75759818
150680.810163677 813193.422159657
181710.342606067 982224.190185431
147597.831290238 796440.2745101
150421.476939102 811896.95433104
204210.629336624 1103809.43683058
164952.231757903 889383.91628159
219256.324169805 1185498.22164305
274125.520386006 1485280.20626328
186725.380463894 1010216.88062602
142710.390839966 770407.580364765
210787.605250469 1140088.93735421
137288.346921289 743095.921192232
452908.18469724 2444876.09513541
266589.314078165 1449128.04871748
139766.88901179 754674.97430355
261049.807597489 1417531.47821601
170246.467538783 920397.072522131
206939.401644204 1119068.13495596
486358.468660571 2647580.86651804
372035.336473279 2017410.00113967
320839.709045729 1747055.38265149
221810.493860528 1199504.31129185
252811.387410139 1373973.91061055
196677.768642065 1063467.64755014
120999.08055673 652239.003054174
210537.099430864 1140252.84470965
282105.854675966 1532773.54726133
257540.000460567 1395142.99064738
278212.092055686 1509948.72108085
187297.732777853 1015403.84236208
161197.525486053 869352.38672139
302922.479506108 1641338.26662403
179754.454531928 973312.253230407
143162.164299487 773859.446176127
173532.097647276 940413.8469475
281488.161378167 1517802.4358262
197343.923656783 1066758.69967188
291774.568112819 1580368.07409136
328361.896212502 1778681.52867405
187981.705693177 1018126.1459549
174088.967201581 939980.795940087
254586.995928903 1379365.16341941
603795.796018564 3284768.68330523
220321.54736569 1191818.80866945
158594.977534468 856269.787632116
115763.612008288 624102.318071848
167937.410068857 906654.466664061
205361.62971242 1110091.38166508
151574.135848172 817834.924604432
298162.911768985 1617507.32583912
209179.852153554 1135520.1908505
239875.694359019 1297265.67454271
155728.830104448 840191.118785487
153012.87051403 825674.875332047
169156.138835098 913463.73879949
150803.009167693 813887.34654524
448665.44828923 2441106.55208638
226273.075904635 1224176.09911416
175010.86334176 947197.62906681
217528.363847092 1177684.83255187
152344.70241555 822124.074879941
282934.523597559 1532760.87097337
324121.907274995 1756697.1115487
200841.326604607 1086396.71332762
362435.581697819 1968325.33103349
169716.818865152 918169.514492309
463778.273191259 2517221.91250397
127063.56484205 686487.363468885
183620.99204345 992930.877853826
151467.609766355 819971.854934747
194577.800365956 1051077.09771039
144991.67241162 782625.931437686
194735.482555874 1053262.76081724
269512.03359085 1464055.50787056
200218.16820649 1082413.46883671
115014.576711315 620111.81791927
292646.799377791 1585522.05123538
232970.27368124 1259752.87880043
171089.810795951 923963.478991102
267003.651244938 1449484.34830733
159923.827154028 862771.587589595
504976.525483895 2748705.18336328
151981.64938746 821718.753126863
187272.34133263 1014055.46723599
165858.716345157 895361.973565184
189409.30215731 1024281.25178648
147170.718421367 794362.015964376
263392.001491942 1426889.13762872
159473.564091495 861053.18933463
174990.419010815 945151.678319744
248558.157361717 1345653.91846127
194261.629943263 1053667.30262588
284171.502385334 1539144.54687622
312606.095913385 1696119.45349683
230814.133430507 1247263.16964711
605379.999825475 3280867.87930433
229669.76150024 1247769.34645223
388444.446184219 2108351.80969392
244707.656496315 1324011.49147764
216779.117560379 1173898.70856033
114950.452195686 619656.143344636
373183.707521091 2024680.81906516
271792.410049586 1477868.92420261
150164.624541724 810400.328841786
183070.260442829 991037.216697859
180445.274219855 974421.77286819
427211.820665597 2322379.2316244
301551.199511123 1633769.96770691
194815.081782756 1053553.57877503
149534.732247327 807010.022730978
496680.946701884 2698108.50952583
168177.719101002 909960.825099837
213844.360048825 1159240.25477901
212603.96074673 1149913.63040283
207815.022360748 1123722.4717171
255161.260532291 1384346.71523844
392194.069034917 2128425.43711003
242647.908620409 1318727.01219215
345736.715045604 1873037.14660952
144695.59706615 781029.16940788
223350.936967158 1206009.0777389
137937.310876555 744807.434381055
68641.2162926662 369358.503363064
196262.411570967 1061494.43726338
222121.390730589 1195347.45039367
163132.277906276 879983.161752285
273165.524212779 1479391.28515083
168088.271482857 907684.86012857
201096.376931477 1088296.99002569
158793.69767031 858195.119691323
305045.009483039 1646890.40157669
110651.676055859 596752.530898097
161821.546002904 873469.887581509
219507.816109617 1187776.04005689
194232.940280798 1049814.82405101
136496.235584502 738691.709804758
193137.246084869 1044003.84483107
236805.202366805 1280894.02983919
113957.260931391 614474.576170094
219549.108372857 1186871.46149284
198111.635459266 1078322.73613314
209105.335921207 1130641.85645794
150865.707418168 814170.086925601
142152.068535478 767369.815179882
169068.35101614 913069.265780368
104906.552164985 565929.203394966
204716.861426867 1107299.87823407
305275.193109335 1654588.17428637
163634.801265143 884344.477357973
813251.168658757 4441997.87873658
200010.817546174 1082630.15814345
110742.337903384 597208.023307596
210276.760200744 1134662.36787894
367959.810997618 2000333.37050826
149594.466146933 807253.018531356
162704.462477541 878132.756505544
252572.872303428 1370914.71460016
257352.680694705 1395779.62930096
144568.430804447 780332.793437026
115462.034843879 622531.005065397
222897.949469629 1204987.18952212
149325.798067801 805943.159338214
395288.571229728 2145304.40773394
166604.104341227 900670.813306138
182528.873278627 985918.570492606
212794.182733634 1152928.47579096
111200.487394999 599691.261536595
147367.929718895 795389.743123186
285547.584573375 1543348.40241598
187193.493643652 1012404.20209179
156213.410525839 843377.958511614
167405.308025537 906323.788786068
283494.24807874 1531955.60148951
167967.407281013 907102.858110048
174821.560764608 946988.1806907
151139.819833499 815595.459770605
379497.796937379 2061311.90324575
199881.410409803 1080914.46041106
192026.799189756 1041743.60048549
246867.952642287 1340032.2966614
165142.195334874 890857.874755755
197503.153152448 1068366.7197103
154147.322320462 832123.772208957
244714.645054599 1326450.71309566
321036.86338608 1741429.93589592
147559.099087195 796433.513852995
197325.015025247 1066969.53968423
